36 250
32 33 277183
17 22 502239
32 24 674153
29 18 199839
21 28 20818
24 30 346931
33 27 759116
28 31 867420
30 17 577795
32 28 603983
25 19 861009
35 17 5709
28 18 569999
14 10 762280
32 16 393255
17 27 232176
36 22 306386
33 26 687110
18 16 589002
25 31 18093
28 19 816438
20 28 272914
34 24 194118
31 24 205761
33 20 23634
33 29 866169
26 29 837701
15 32 670306
15 25 120890
27 22 648507
5 6 763775
36 33 115102
19 22 229605
31 15 830036
33 24 432950
15 27 721485
23 34 962202
9 11 449491
25 26 296072
35 22 875535
22 30 321246
34 19 14559
36 32 12381
24 17 770523
30 16 778443
14 11 721540
29 24 377969
35 31 925068
22 21 108761
22 24 797811
12 10 835765
26 28 674455
20 23 344423
26 32 882394
27 35 841133
21 16 797405
18 27 870011
28 34 887265
32 27 212968
20 30 454702
12 13 228762
30 35 223714
23 27 743842
32 29 73193
31 26 343850
27 20 168145
26 17 860290
31 22 630948
26 15 332695
36 16 703382
32 30 781904
25 28 325345
9 10 495435
32 34 787015
35 21 544702
21 17 170349
27 30 169694
31 34 564447
9 12 651593
4 3 847434
27 19 797098
18 22 809140
33 22 298606
15 16 459603
23 35 570281
27 34 600209
24 27 704023
35 24 104424
15 24 859947
30 23 8480
29 19 255294
35 19 755587
20 15 556454
24 20 69515
28 15 711192
34 16 29574
33 18 346078
21 24 510116
31 27 910988
32 19 83234
26 24 973776
19 18 820486
28 33 954308
19 20 458147
36 35 239633
33 19 16690
26 22 223196
30 36 81743
24 25 867781
20 25 159625
22 29 575846
26 21 605649
33 31 890769
36 26 234640
35 15 882479
21 23 899819
23 22 975595
32 17 269279
33 15 303368
17 18 983188
29 16 508426
15 22 185906
21 33 704606
20 29 711590
2 1 134364
29 17 952468
25 27 499800
23 24 858515
26 19 798439
31 32 266723
11 13 445387
20 22 624802
29 25 871622
35 28 135346
26 23 939289
36 20 188039
36 28 551171
36 18 612453
36 19 249559
26 20 527380
16 24 548799
27 16 374703
30 29 104275
32 23 37916
20 17 393600
28 27 725465
18 23 518678
22 28 394898
17 36 783656
15 30 422107
23 33 819414
34 15 587581
15 23 992544
18 21 740504
25 35 782701
25 32 200853
33 16 489694
8 7 255069
36 27 368108
20 35 420919
31 29 39137
17 16 505284
12 14 945271
9 13 788724
25 34 987050
18 15 21489
31 23 878718
14 13 901428
21 19 27975
25 33 327741
10 13 432767
11 10 28347
20 34 386557
27 21 817040
16 22 414314
21 29 17864
26 16 674486
24 18 561358
17 19 593184
34 21 678176
17 34 957117
34 33 670412
19 30 841745
16 19 34525
22 34 967904
32 21 160227
31 18 484925
17 28 513772
25 16 703041
20 31 322002
21 31 718836
35 32 827768
31 30 615186
34 26 484499
16 20 242740
24 36 665958
23 25 310363
21 25 209091
29 36 340897
17 25 539617
34 35 885060
17 23 982077
17 31 459132
14 9 93859
25 36 339095
20 32 473771
30 33 378040
30 21 146461
29 23 252358
34 29 788117
20 21 109488
16 31 520938
30 28 291215
24 19 584461
22 32 58785
34 30 570782
23 16 173007
11 12 2106
26 35 985509
26 27 213030
15 17 289781
16 35 43487
16 28 438962
30 26 932188
18 20 886180
30 25 899679
33 17 547996
28 23 416172
25 22 516600
15 19 837578
36 15 846198
36 21 220599
29 35 828506
19 31 673114
30 18 504720
18 26 56123
15 29 936441
29 28 340285
25 18 426091
24 28 508874
23 36 171517
21 15 642295
18 34 538479
36 31 457769
27 29 84680
35 33 91683
36 34 40023
18 32 356790
35 18 623490
19 23 177211
