36 250
26 31 485863
23 36 906563
32 20 127536
28 34 959669
27 36 395042
30 17 744783
26 28 15722
32 19 337214
18 33 729424
21 29 56781
27 22 591237
22 23 994526
21 30 33556
21 26 18033
35 15 500841
25 24 963117
30 35 804350
31 15 461407
27 31 192359
26 33 588745
26 25 519210
24 36 366184
23 30 217353
19 33 30810
32 28 850071
28 31 80510
33 17 273100
31 36 259405
29 26 451423
33 21 635076
29 34 357584
16 25 221811
10 12 581204
32 35 918581
19 20 157118
19 29 615240
22 25 444697
18 24 422918
23 32 464403
25 34 101161
35 28 692653
25 36 840612
14 11 994820
28 20 316306
17 23 934155
7 8 84872
1 2 956035
17 36 106266
25 31 372227
23 35 212449
35 26 284359
19 16 899701
22 29 800208
20 23 862446
35 20 514803
14 13 444854
21 25 419755
20 25 472779
32 34 679140
32 30 526304
16 30 268137
23 27 99773
33 31 296763
25 29 289581
29 28 121729
17 19 587945
11 10 606802
29 35 457036
17 31 58758
18 28 171881
33 16 957362
36 28 24668
17 16 353924
36 20 143829
23 18 880582
18 22 210479
23 21 259096
19 26 151420
27 15 961901
31 19 113115
29 17 191402
34 17 226616
13 11 723012
33 22 526190
17 25 75375
26 34 73789
15 28 161184
30 29 659160
21 19 183738
33 28 640992
22 36 408726
32 15 530356
26 36 372902
24 26 728931
30 18 82903
6 5 56551
23 24 111175
11 9 735970
29 36 798722
19 25 990002
25 33 685311
31 24 418016
25 18 716961
16 24 486609
30 22 709499
14 9 605944
32 24 525065
21 15 734402
29 18 672766
34 18 21144
14 10 430670
25 15 353787
27 29 76548
15 24 789748
33 20 584956
20 21 902021
18 31 954563
15 26 980977
26 30 410674
31 23 520736
30 15 715151
21 16 567705
24 29 581076
27 30 754984
17 28 907654
33 15 490014
34 19 448653
16 32 309563
20 31 874763
19 28 344201
32 33 427654
16 23 723773
35 17 875492
23 15 762886
23 26 240865
35 21 983467
16 31 911378
30 33 477560
33 24 181225
32 31 836006
31 35 488789
24 34 93786
12 14 544177
30 34 954697
34 31 231627
36 33 356057
28 22 624164
18 19 522363
26 18 31873
15 19 893572
15 17 674480
26 20 225527
35 16 504249
28 24 511501
29 15 754004
35 22 35499
17 18 651415
30 24 51234
17 20 311844
18 21 244832
25 23 723770
26 22 250781
22 16 920331
21 28 140569
23 33 309726
22 19 691496
35 27 753581
36 15 831525
22 17 511892
17 24 623265
29 16 907941
36 34 146501
27 33 391781
27 28 935271
22 20 755662
36 16 517748
29 23 231525
27 21 557950
16 18 882851
18 27 362357
30 31 268942
12 9 669731
22 21 959732
26 32 208247
34 23 641759
20 24 705345
21 31 161165
25 30 983522
16 26 324667
21 34 508259
19 24 43161
28 25 610510
34 22 4824
29 20 102049
17 27 725950
29 32 723519
22 31 256609
32 25 19055
28 16 166069
32 36 585901
36 30 932054
15 22 906594
35 34 997749
18 20 853943
15 20 796760
16 34 706206
34 20 392952
20 16 461012
30 28 121770
27 25 921451
13 9 308136
27 19 36269
36 18 813355
27 24 433734
36 35 416768
24 21 606078
16 27 699572
18 35 255690
12 13 949396
27 32 571553
34 15 924832
25 35 305922
32 22 423017
27 20 660829
32 17 652910
12 11 393532
23 19 385566
36 19 739947
26 17 820400
34 27 463224
17 21 207818
33 35 95947
9 10 835499
32 18 25344
16 15 998684
33 29 497950
23 28 181760
4 3 947828
21 32 95872
19 35 765970
10 13 158383
33 34 817854
19 30 742460
27 26 672572
15 18 181843
30 20 447822
35 24 802656
22 24 232474
36 21 934131
29 31 777212
