36 250
13 11 639068
24 17 880906
32 28 806051
20 35 569258
20 36 735173
26 30 171821
22 32 183586
23 35 4661
17 20 614533
30 20 595622
24 21 803808
24 30 222090
23 33 920613
34 26 413750
14 13 523181
32 30 54833
35 24 289042
33 32 351289
25 30 810192
29 24 927378
18 31 507027
17 19 44190
27 25 68067
32 27 782325
20 28 312670
15 21 135968
18 19 867779
19 30 466250
15 33 681982
15 25 626648
25 19 20052
31 16 88518
25 36 899675
30 35 68416
33 30 126863
28 21 698067
28 36 862555
25 26 227466
36 30 974693
27 16 284957
16 19 860638
27 30 861665
24 20 456312
28 17 309670
22 35 641937
24 18 460410
16 28 63460
24 34 519015
18 20 313830
22 16 569108
31 26 299888
13 12 634861
24 27 434352
34 23 155998
25 24 879979
18 34 237635
22 23 650233
11 9 65528
18 21 958660
26 17 505420
1 2 237964
24 26 986914
19 21 548431
36 31 314580
28 19 60080
23 21 222538
25 18 520073
9 13 837469
17 27 998509
15 29 350910
29 33 527266
17 22 718441
35 33 328776
15 34 928946
30 29 49931
31 27 477197
29 32 268586
16 17 671274
19 24 579965
20 34 26921
24 23 345283
15 27 507243
12 14 868046
19 32 352577
27 22 120919
32 21 833539
25 20 592672
21 34 855536
36 23 943268
20 15 97454
16 29 853943
14 9 259354
21 31 333753
26 20 320025
32 20 377160
18 15 935587
35 27 534637
16 36 768792
7 8 603920
32 34 646914
32 36 360834
25 35 896568
15 30 585074
25 29 287011
16 34 150765
36 33 123755
10 9 625720
20 16 964633
28 33 823499
36 15 990990
34 19 738035
15 17 444621
23 28 271174
36 29 776498
18 33 720311
23 27 793862
27 19 632181
31 22 838477
17 29 76970
29 28 171302
15 26 301026
19 31 679282
19 29 627341
34 29 422984
29 23 346354
18 27 595650
35 34 555526
31 24 745523
24 22 884899
18 26 643889
30 31 1808
27 20 363955
23 30 416906
16 35 293891
31 33 86128
26 27 576953
36 22 806258
29 21 101841
20 33 772274
21 35 169284
33 19 706950
22 26 225028
16 33 410462
10 13 470263
36 18 977798
23 31 419771
22 30 806778
32 35 586613
32 17 197385
29 27 252475
20 19 521127
9 12 13168
30 34 124626
32 16 800596
5 6 369955
30 21 321966
14 10 836462
28 15 385866
29 26 745299
30 18 940622
27 21 435234
17 36 42435
24 32 836699
16 18 163099
28 18 559261
21 22 310017
23 19 415210
32 25 903610
3 4 544229
17 34 610467
18 22 896660
24 28 950162
31 28 921767
23 20 251122
32 23 409522
21 26 187394
26 32 662896
30 28 791672
15 23 965481
27 33 351841
22 20 963306
36 26 612164
22 25 451102
31 25 45076
34 31 502120
31 17 31377
16 25 831608
15 32 904202
34 25 923855
25 17 980636
10 12 995645
29 35 472900
18 35 301087
32 18 431191
22 33 278592
20 29 369154
21 33 438431
33 17 407936
21 25 238695
23 26 291943
34 36 716043
10 11 234331
29 31 271397
31 32 854449
20 21 676020
17 18 872767
35 26 939043
34 33 191082
22 29 190803
26 19 615798
22 15 216987
15 16 800909
27 28 341352
33 24 662987
22 28 529628
19 36 60576
30 17 599763
35 36 380238
34 27 197333
17 23 330954
28 35 628607
27 36 816811
24 36 341069
23 25 129689
18 29 620126
23 16 713817
35 15 856401
24 16 211125
17 21 44940
25 33 693706
19 22 11457
15 31 584252
19 35 22182
22 34 807227
31 20 300404
16 21 904696
30 16 989807
28 25 588678
28 26 13144
12 11 476353
33 26 524964
34 28 7504
11 14 150616
17 35 156199
18 23 377789
36 21 336710
19 15 878867
35 31 315896
16 26 573532
24 15 436162
