36 250
28 16 100979
14 9 765163
31 17 817928
20 16 202670
25 36 543379
34 24 34183
18 20 331307
35 19 831047
18 32 55270
17 27 775240
15 17 547639
36 18 40892
31 21 642494
16 19 412795
16 17 997279
33 36 786850
20 26 869710
26 22 971089
9 13 800453
19 33 248586
31 23 876424
30 18 207917
31 20 990571
24 16 746943
29 15 812593
17 34 444142
15 28 305111
30 21 799505
34 27 195852
7 8 154972
10 14 172664
29 30 541863
17 23 959868
19 25 773792
25 34 827562
33 29 5562
25 20 231466
24 21 210921
35 32 467029
21 16 632665
21 36 268299
25 21 873807
11 12 106183
23 21 92908
32 36 911409
35 28 494255
17 22 734878
25 27 608125
20 33 900953
26 36 885343
19 31 36869
16 15 865485
34 22 60483
23 30 13110
27 18 97102
15 19 908871
32 26 966279
25 16 320669
11 10 221928
34 29 311817
27 31 776587
9 12 917955
13 14 800448
26 18 290334
24 36 488831
10 9 66515
28 23 3273
25 23 746495
17 29 943309
35 34 613000
18 28 981749
29 22 44544
26 29 311169
22 36 635190
29 23 922362
16 22 276305
18 17 42811
16 33 237417
16 31 765163
21 34 654732
19 23 122273
27 26 381158
27 30 857844
33 28 176351
23 22 922800
19 22 997637
25 31 522986
35 21 685960
22 35 167265
25 30 767580
15 24 413946
13 12 828920
18 29 423952
10 13 276682
21 33 528024
28 31 167377
20 17 895928
30 31 715587
32 24 526409
35 23 877878
25 32 10551
25 22 74380
19 30 410622
27 32 66917
20 28 51273
29 24 891750
26 24 201669
25 24 878708
19 27 987658
29 20 928034
15 34 534622
24 27 671482
35 33 867526
15 35 471240
12 14 806653
19 26 409321
33 26 95119
30 34 245441
31 15 46322
24 28 330643
17 21 954738
27 21 924578
20 24 208065
15 23 508372
23 20 242389
16 35 177539
26 21 899762
31 29 904073
16 30 228869
34 16 331067
20 22 254393
29 25 362570
35 17 136437
17 28 410428
15 26 431043
28 29 422464
28 32 874288
25 35 85141
11 13 214400
11 9 401591
32 33 313272
15 36 342843
30 28 798349
24 17 18187
24 33 26393
32 16 615432
36 34 442065
35 27 302305
16 27 904316
26 23 927481
31 32 766670
30 26 233700
18 24 783746
29 27 433953
15 22 848044
28 21 336589
34 18 676827
15 25 598913
32 17 293410
28 22 668352
33 23 809873
33 27 881325
29 19 241862
32 21 814826
31 18 59339
22 31 127632
18 33 168670
17 36 381635
35 29 544949
20 30 565344
15 20 572367
24 35 594487
31 26 486652
33 34 305650
23 16 355831
22 30 898970
30 35 847570
22 18 44797
22 32 968535
33 22 667190
36 19 498580
5 6 396058
36 29 486507
24 30 773574
15 32 626351
34 28 149307
20 36 744727
35 36 140667
25 33 837689
32 23 115890
27 36 836442
33 31 985805
26 34 114451
29 32 710512
28 25 138761
21 29 656909
18 23 169567
20 19 490668
18 35 149640
27 20 141701
15 33 280433
15 30 43238
27 22 961774
25 26 864720
26 28 787388
18 16 195573
17 19 697292
27 15 161320
24 31 471510
16 26 558529
15 18 300246
31 34 626701
36 30 356790
32 19 421221
21 15 882318
19 34 889301
21 19 249058
28 36 338585
25 17 288996
21 20 31650
23 27 218541
12 10 536680
32 30 484249
18 19 961814
35 26 620962
18 21 9396
32 34 912791
32 20 402962
36 31 609535
18 25 362724
35 31 676734
22 24 956280
20 35 790858
1 2 236048
23 36 550608
16 29 61610
33 30 75684
24 23 569206
23 34 782970
36 16 459019
30 17 620511
19 24 529242
4 3 103166
11 14 927476
22 21 494288
17 26 966007
33 17 191415
20 34 653974
28 27 512475
19 28 477762
