36 250
28 22 462939
20 27 377001
18 17 344382
30 19 844734
12 14 216730
29 16 9078
35 30 565812
19 16 704669
10 13 113206
31 19 294813
18 23 996727
29 36 608610
21 20 488159
22 32 347884
35 16 929656
29 17 340740
31 29 142112
32 31 140700
28 32 958301
30 31 351116
28 20 988388
16 34 755737
11 14 573941
34 24 720415
19 36 453540
15 29 301359
25 31 41861
25 26 441068
34 15 309958
22 25 546991
10 14 469069
17 20 524702
27 15 145702
31 33 629456
24 28 580845
33 15 337897
22 20 729505
21 25 694597
13 12 13114
36 32 379780
18 19 177477
15 20 940976
26 34 237846
17 19 354793
17 31 918088
24 32 774705
31 22 797626
16 21 975100
35 26 903183
17 33 924198
27 21 759639
36 24 160023
18 26 986700
19 34 852253
29 19 149245
32 17 339959
18 31 826296
29 28 545221
30 18 593960
24 17 797227
33 30 947
15 21 690642
29 18 237336
23 34 477239
35 15 818518
35 33 913748
31 27 115074
30 29 369443
34 21 293852
29 32 595938
33 27 373880
31 16 180919
34 35 259824
23 17 748398
22 36 350045
22 33 644063
31 28 580896
26 23 688337
17 16 315793
27 23 976123
31 20 499322
26 21 664019
27 29 278528
24 33 636867
17 30 610828
17 34 545144
27 26 181547
27 18 533531
23 21 786023
16 24 844881
35 28 812990
32 19 453155
30 15 603110
35 21 945548
30 28 339373
28 18 405888
3 4 741787
21 31 485685
23 33 937382
36 31 431684
17 21 775603
30 36 615168
23 25 869912
26 36 660
24 31 623737
34 27 36062
27 30 410042
28 36 642297
34 30 107918
21 28 363432
25 36 317351
28 34 419102
19 35 976008
23 20 479042
16 25 18067
11 13 543761
15 28 65139
20 34 272310
32 33 226336
26 32 611794
30 21 280852
27 22 671643
27 28 405376
15 26 165956
24 29 665556
8 7 942451
9 14 943357
33 16 196521
32 20 338479
24 15 298789
33 29 563859
23 15 893742
19 22 130571
23 24 842880
23 31 166172
33 34 961140
29 21 704470
18 21 148868
25 27 650117
9 10 739899
22 35 828189
17 26 36631
21 24 774898
23 35 691426
23 16 749795
22 26 250692
18 36 32721
16 26 787739
16 27 366184
5 6 795194
20 19 493564
25 20 403789
2 1 622902
29 22 816680
27 35 613564
25 29 685957
35 36 496306
36 21 649692
20 26 146506
29 23 518139
17 15 539224
11 12 246573
33 25 226242
14 13 279482
36 20 867387
31 15 3383
15 16 961478
11 10 648975
16 32 955180
32 15 677934
22 23 580661
24 35 27622
26 30 465330
22 15 966565
18 34 55707
36 23 719687
30 22 647437
28 33 818522
32 30 893467
20 29 959816
28 19 434555
19 25 630399
28 23 956517
36 33 595810
30 20 626965
24 18 161529
19 21 838430
26 33 590164
23 19 731665
22 16 22865
28 25 219038
16 36 942044
29 34 957213
19 33 999300
35 29 967997
20 16 57000
22 17 108052
9 12 29005
22 24 11580
20 24 291022
23 32 836621
18 32 455665
30 23 529340
10 12 900901
34 31 891282
24 30 420792
35 25 133527
28 26 193360
27 32 831370
20 18 78196
27 17 945801
35 20 782019
21 33 690883
15 36 480745
17 36 316800
28 16 578519
35 17 312450
34 25 54143
32 35 972455
36 27 94821
26 31 380299
24 25 730354
18 22 689175
34 36 980981
19 26 788010
26 29 35657
25 17 859695
18 33 421757
16 30 46727
35 18 916070
24 26 171826
17 28 91179
18 16 481218
11 9 922325
19 15 204779
34 22 737828
25 32 471585
25 30 630865
33 20 89137
35 31 375848
21 22 361326
19 24 949799
18 25 48552
13 9 465623
27 19 106630
18 15 677831
25 15 361190
21 32 769748
27 24 780372
32 34 291494
