36 250
26 16 17058
17 20 980974
27 24 85643
27 26 520267
31 22 791333
19 22 323390
21 34 629198
31 36 542756
24 28 816372
23 27 63670
32 35 565307
32 22 137072
18 19 784030
21 19 804741
11 14 682052
24 35 993041
15 34 525263
27 17 831260
16 19 483744
34 25 494531
20 28 62274
16 18 196224
24 32 173293
8 7 261621
30 35 758966
16 34 999879
28 26 30475
18 22 123495
33 24 370489
18 31 612177
10 12 272698
21 32 462713
22 20 773573
19 24 970767
36 32 922279
18 21 21873
34 17 746516
13 12 192985
32 18 267937
23 36 430697
30 19 487999
21 16 209885
33 34 293498
15 20 932738
25 17 889513
17 26 447194
29 28 188146
24 22 83543
25 27 700686
17 28 796099
23 34 279808
22 26 911399
31 21 645570
14 13 805124
18 15 655404
20 30 947392
25 31 114035
22 23 832664
30 33 61067
35 28 551059
33 29 372224
15 32 89687
23 20 112141
15 19 360379
21 36 127006
21 29 97322
25 21 625594
15 16 588570
23 21 361972
20 26 938441
31 28 381081
19 29 398281
36 30 114592
20 31 613433
22 28 893295
20 35 491694
15 26 976375
15 29 601747
16 22 865540
18 24 361049
27 28 564057
14 12 553615
32 33 786408
18 34 478539
29 18 410572
27 18 927598
1 2 793340
32 27 316499
31 23 939672
26 29 525423
29 34 666560
25 33 464051
24 16 12522
23 35 966221
28 30 325263
32 30 384699
34 28 997521
15 22 514651
33 23 858079
27 31 163184
16 33 126834
36 28 662075
32 28 440943
20 19 305673
25 29 77594
36 19 57105
27 15 28422
16 23 698224
20 36 468899
24 30 535501
31 26 281706
30 26 150300
32 20 422112
35 36 661359
10 13 801916
24 25 922163
36 34 168612
27 29 910581
28 16 904438
21 33 899586
28 15 361376
9 11 662819
33 17 85930
30 18 879294
24 36 765198
19 23 659243
36 29 164128
12 11 414006
35 27 786418
34 24 52065
15 36 662741
17 35 265819
36 18 377478
31 32 711045
31 30 625465
18 20 172128
26 23 712479
26 35 223082
35 15 116824
22 35 440887
36 17 487664
19 25 923079
21 27 144276
22 33 943402
34 32 225578
21 17 245311
16 31 377405
26 24 31913
11 13 538305
18 28 254763
26 34 388309
31 33 100146
20 21 30112
12 9 470254
24 31 32712
32 19 936613
25 32 547126
22 34 908775
17 31 705673
27 16 332912
35 29 972583
20 24 718507
26 33 568437
21 15 909512
31 15 589157
18 17 746313
35 31 32180
22 25 618122
19 26 376043
6 5 485035
28 19 320113
34 31 367615
16 35 53822
25 15 805505
25 18 256312
31 19 793439
26 21 606580
24 21 144958
27 30 419131
23 29 978077
17 32 409064
3 4 821954
24 15 697911
25 36 73971
30 21 105431
32 16 389165
34 30 39871
32 23 83681
27 19 603032
29 16 620265
26 25 949797
27 36 568915
22 30 693801
17 19 397764
21 35 701371
34 35 864223
35 33 471049
9 13 759731
15 17 200874
22 21 100155
20 16 138105
34 19 6192
35 19 449357
29 24 638573
30 29 716373
36 33 724149
22 36 778498
26 36 221596
32 26 151001
29 20 192631
27 33 240333
10 11 770140
29 22 451984
30 16 306124
25 16 778058
17 29 516687
25 23 276407
25 35 75181
28 25 343478
26 18 451533
24 17 670217
19 33 290790
27 20 853492
33 20 782292
17 22 979257
32 29 805258
28 33 397511
22 27 907730
9 10 451
20 25 362011
28 21 628008
15 23 644572
23 28 800199
20 34 813514
16 17 312280
15 30 304324
23 30 286070
9 14 373160
17 23 892257
10 14 729825
16 36 422889
18 23 589416
31 29 645144
18 33 474709
34 27 572363
25 30 731520
18 35 142185
30 17 470930
24 23 447079
15 33 880079
