36 250
20 24 151265
11 13 123802
32 33 440125
31 32 917722
17 24 168048
32 26 724799
16 29 839968
20 31 252258
21 25 102187
16 18 488963
18 36 953098
26 33 170003
29 15 525197
19 34 67347
31 36 18704
23 34 692522
15 28 574424
35 25 789136
33 29 586437
13 10 90713
33 19 62247
36 23 447228
35 34 556476
15 36 757141
22 25 696197
34 32 183108
26 18 176217
19 32 634290
7 8 72436
16 25 695296
15 18 205958
16 35 647129
35 28 826156
29 35 419012
35 32 3932
21 34 543172
25 27 799644
12 13 627433
36 19 162303
16 22 573026
34 30 583349
27 29 146174
23 33 259174
26 36 904853
36 25 332517
20 35 848937
28 20 874333
19 15 680400
25 19 899533
27 26 800824
23 17 461695
31 18 262746
15 31 729446
19 20 690494
6 5 650935
23 35 956516
29 21 161438
17 32 80581
21 26 342636
17 20 385791
17 36 819280
27 16 579895
33 22 223041
27 21 264757
32 20 347389
31 33 501649
10 11 433646
23 22 978502
30 21 23095
35 27 130983
19 26 779970
28 36 211042
28 21 828856
32 21 528257
23 20 233
28 24 364636
12 11 826852
36 30 420628
16 20 668216
18 29 484963
25 32 750141
23 15 453184
30 15 875138
36 33 725193
25 23 818333
34 17 549440
12 14 947709
16 15 62789
29 20 614069
28 34 871743
27 28 806502
17 22 22562
21 23 483835
15 34 118065
25 24 937022
18 24 957732
35 21 27042
27 15 244096
29 19 392379
17 19 284595
30 17 390950
31 30 910017
24 26 988039
27 22 366700
13 14 577103
22 15 585562
24 35 840436
35 19 208763
31 28 526581
16 21 764571
20 15 427592
16 17 151984
26 35 151150
4 3 150849
32 16 664152
31 24 196706
15 24 299767
21 18 415296
18 19 863985
24 36 479473
19 22 617593
33 21 146602
25 31 782303
32 22 329665
11 9 365689
18 30 589124
19 31 103537
24 23 806079
16 23 875478
33 34 172346
18 33 418946
30 25 909778
24 30 226846
23 26 739873
17 21 668653
16 19 39207
33 16 60669
25 33 478033
34 29 259365
24 27 955001
15 21 314147
16 26 594370
28 23 517639
29 26 395838
23 31 27937
23 27 226739
17 28 129340
19 30 398979
15 26 698995
21 31 950986
17 26 58954
34 25 178521
27 19 874514
21 20 340053
34 18 369253
32 30 353784
25 20 101464
28 29 970891
17 25 117095
33 27 350407
29 31 292966
17 15 59601
22 36 852629
23 29 355562
33 24 624067
34 20 122842
36 20 993103
26 22 261115
15 32 287938
32 24 204373
32 29 240539
32 23 279418
21 36 528109
10 9 535882
25 26 652978
23 30 28980
30 28 649675
31 27 980306
35 36 518349
35 22 984927
34 31 531825
28 33 433809
31 22 779055
31 35 523507
27 30 826511
17 18 821925
27 36 14242
34 24 900309
20 33 364163
35 17 883384
20 26 363610
16 30 944682
28 32 933625
30 29 251835
34 16 701492
18 22 358771
33 30 458161
15 33 980175
32 36 799171
30 20 148550
21 24 85884
18 27 231957
20 22 52575
34 27 548660
19 21 515491
18 25 150921
11 14 223239
33 35 473493
31 17 871422
18 35 566341
15 25 794380
26 31 946797
29 17 247615
34 36 325982
28 25 84778
28 26 971658
29 36 131073
27 20 25500
23 18 884193
19 23 676200
18 20 278421
32 27 657268
15 35 418123
26 30 401387
13 9 507436
9 14 37495
10 14 424519
16 36 993096
22 28 167042
32 18 4093
12 10 69855
34 26 127038
30 22 532592
22 34 811512
29 22 771938
19 24 53992
28 18 233336
9 12 57998
19 28 797873
29 25 660586
16 31 474098
24 22 863325
16 28 456205
17 33 449187
16 24 313747
21 22 465989
35 30 904297
17 27 768233
2 1 323833
24 29 220462
