36 250
6 5 126331
32 29 653642
17 32 588509
12 14 266767
27 28 993083
30 32 319294
27 31 136805
25 35 790163
36 15 503621
18 17 663172
15 16 581537
30 19 497208
36 31 254914
35 16 396264
31 24 68627
24 19 580008
16 20 509791
17 24 764298
22 18 504923
22 31 516274
24 36 829334
34 36 109010
30 18 743752
34 24 419735
13 11 89565
22 21 93335
22 24 223668
20 23 715490
34 32 431225
36 22 845717
25 16 219955
15 30 764296
36 21 927580
25 20 393753
21 19 965163
35 26 654692
25 30 277329
34 22 783274
31 18 351444
18 35 210082
16 29 266842
31 35 159737
27 19 441524
19 15 946052
36 20 432420
17 29 410101
19 28 83354
30 20 108183
30 31 599738
18 25 62973
19 33 122022
24 32 733129
33 20 611518
10 14 192231
32 22 625112
19 23 990460
32 35 782203
24 35 117042
25 29 504237
21 32 6685
25 36 747387
4 3 962295
19 17 974846
35 17 85255
20 29 446221
24 29 838193
24 26 427501
32 27 610286
15 20 488667
27 20 225519
34 33 222603
36 23 604937
31 29 859069
28 33 865011
20 32 708321
22 20 725524
9 11 247441
29 22 941423
10 11 459134
31 28 92697
33 24 270883
29 23 290495
27 34 87044
33 16 891468
22 27 976804
26 18 16942
18 34 835679
36 26 780240
35 19 452689
36 27 868712
35 28 319919
27 16 11916
21 35 743290
21 26 705171
30 29 919793
29 19 605402
27 26 249899
16 32 834317
8 7 704817
22 23 981731
34 28 652709
33 18 2940
24 15 728942
13 12 19991
21 30 743951
23 18 708178
15 25 880960
31 23 842638
33 22 957053
24 23 195741
31 32 113994
24 27 489942
15 32 690181
26 22 547339
15 28 878077
24 30 268845
30 16 423402
22 15 946045
26 23 958584
16 21 71420
33 21 613169
23 32 684339
36 33 176684
28 16 343231
26 31 367940
16 18 150160
20 24 471298
24 18 980072
13 10 494983
28 21 229434
35 23 820922
30 28 925315
34 15 950000
26 33 793438
18 27 140390
18 21 807700
34 29 828445
36 30 520054
14 9 641869
27 30 786250
27 15 356697
28 25 804225
28 32 607087
20 18 360164
19 25 177798
11 14 234183
34 19 580737
20 35 364098
34 20 22617
27 35 462691
15 35 843493
28 17 231719
1 2 226706
24 16 701295
25 24 362183
36 29 724715
15 18 64373
22 17 300045
26 17 170157
27 29 920451
30 22 850483
27 23 847056
22 16 903221
32 19 154519
32 18 964963
29 28 905429
25 22 296419
21 29 525741
27 21 200676
26 25 273943
17 36 106523
29 33 366250
20 28 197507
12 11 830522
25 23 369972
26 20 360808
19 18 520945
33 31 721384
21 34 908852
27 17 435607
33 17 288744
23 16 507417
35 30 326791
36 16 166181
15 26 285653
9 12 999129
30 23 613034
35 34 749406
31 34 348046
21 24 755631
35 29 814805
31 25 888398
35 22 295827
26 30 829725
15 21 193854
9 13 209397
17 21 766475
10 12 453132
20 31 725141
36 19 126451
34 23 728033
29 18 573671
19 22 759378
15 31 97616
30 33 296595
14 13 407664
16 34 175251
20 19 33121
32 25 411803
17 23 13217
28 22 369254
33 32 389292
31 21 647272
26 28 813273
9 10 85185
19 26 969869
33 23 936049
25 34 965446
21 25 502583
16 17 197648
28 24 528934
26 34 387940
16 31 376926
35 36 50877
29 15 134975
19 16 528720
26 32 780767
18 36 875180
33 15 702146
36 28 38711
35 33 293158
27 25 291646
32 36 99776
21 20 439484
31 17 417961
26 16 243886
25 17 341816
23 21 967786
17 34 95111
33 25 361360
29 26 596599
19 31 473188
34 30 357491
27 33 685039
23 28 311991
17 15 142138
15 23 578962
17 20 201808
30 17 446053
28 18 386333
