22 231
11 7 667506
16 13 231105
17 20 231316
22 16 832785
6 9 629510
13 5 451300
3 20 398135
4 16 121335
7 20 606558
12 8 966434
1 5 866562
22 20 522014
2 22 23483
6 21 964075
16 8 137299
20 18 110606
22 7 60910
17 13 823122
22 18 938131
16 10 456697
13 14 373143
20 1 506269
15 20 775574
1 18 238012
9 1 80814
14 22 64876
1 14 703481
5 8 774625
8 15 561932
2 7 291178
14 9 715467
7 19 986167
16 18 954040
3 10 895304
12 4 149304
10 14 13014
19 14 189090
17 18 106235
11 3 203053
18 10 388284
17 14 406676
8 10 388879
16 15 354794
19 2 54789
2 5 746095
8 21 451400
19 15 25971
8 22 703844
4 2 383665
20 5 433572
1 4 138539
13 22 596959
16 6 709448
15 21 333829
15 13 878734
8 7 372969
21 10 946438
11 8 611549
7 10 369360
12 21 52948
12 3 8252
13 1 379019
13 8 354531
9 7 859902
21 18 120091
19 10 173049
9 8 208602
9 4 54173
20 8 65596
10 2 421755
12 10 780149
22 5 444014
11 1 616650
4 18 950923
12 22 602918
6 4 172555
10 4 555061
6 19 425007
19 21 372428
17 8 86588
12 11 941288
18 9 99226
17 12 699521
21 22 369488
14 20 608116
1 15 452021
19 8 695988
7 3 596846
17 4 705468
14 16 678056
17 22 192162
3 13 83503
17 19 348763
5 3 906411
11 19 909535
3 18 920927
14 7 258912
19 12 490216
22 10 535430
3 9 578700
10 15 175850
11 6 784099
4 19 236786
16 9 880256
6 18 737617
18 19 221154
19 20 976194
2 17 886400
2 13 209890
4 5 579800
5 19 328712
2 8 674236
9 11 383001
7 15 50503
12 1 40895
17 15 470242
1 2 463007
6 7 324709
12 13 300318
4 8 958326
4 13 268310
9 21 173328
6 5 674125
14 3 539769
15 9 771705
2 15 809511
11 20 65579
5 16 574436
14 21 181313
20 21 467509
7 17 172756
1 16 725066
1 10 554271
10 17 559245
10 20 482062
5 7 590259
6 22 400904
9 22 629684
9 10 764171
14 4 994884
20 2 378816
4 11 606381
10 5 347198
8 1 898298
14 6 807550
8 3 121232
19 1 110947
18 8 555960
21 3 638718
16 7 975259
1 22 590429
11 21 642811
21 16 986315
18 2 879374
15 12 720676
6 17 248261
1 17 157157
14 15 613274
1 7 502782
15 4 997965
9 20 528838
6 2 101669
15 5 986072
5 21 213427
17 5 18366
14 2 281184
5 14 402170
17 11 523495
11 13 28773
16 19 590245
11 22 542151
18 5 799370
13 20 875850
9 2 725707
18 13 729590
22 15 782821
22 3 93417
12 6 25391
8 14 140644
22 19 741056
18 12 453532
21 1 923830
13 19 624986
3 4 424725
17 16 8570
9 12 887177
6 13 780722
9 17 494436
11 10 84272
6 10 103069
20 12 636762
21 7 11874
18 14 68964
13 7 843274
21 17 779985
13 9 169080
9 19 48459
7 4 608888
14 11 993154
10 13 222408
15 6 497331
2 3 774210
6 3 112046
4 22 365947
4 21 43030
12 5 584140
21 2 491712
3 1 373312
6 20 230953
3 15 17464
12 14 724927
13 21 35998
11 15 888995
7 12 171059
18 11 537124
12 16 103210
11 5 864036
16 2 199483
3 17 496742
3 16 84836
18 7 946520
3 19 420107
8 6 88816
18 15 535569
9 5 86739
16 20 976366
2 12 266733
1 6 6435
16 11 544354
2 11 87712
4 20 611128
