21 210
14 17 482597
20 6 535418
14 8 642600
3 20 96605
8 11 237342
19 11 627129
20 9 595133
15 19 793540
8 12 619112
15 16 719848
6 19 2830
1 12 249996
2 15 366145
12 2 133972
19 1 283618
19 12 55249
13 19 507530
7 19 697871
9 6 401130
20 16 836457
4 20 347571
13 4 119482
20 5 602105
20 15 964726
14 6 165796
16 1 860161
3 15 567236
13 12 874929
1 4 578091
4 19 480133
15 21 992350
1 18 381606
6 1 813322
4 8 414081
18 16 65488
19 17 322097
10 15 207702
2 16 898197
11 13 423487
21 5 62773
21 2 584546
15 7 501112
12 21 456874
17 20 740442
1 17 603191
18 11 627267
15 1 44556
3 13 855126
16 21 16317
8 17 478943
13 21 441646
10 3 817983
14 19 477008
11 9 888682
13 18 506507
12 11 522455
15 9 962379
12 9 46235
20 13 263622
16 14 726547
8 5 331657
20 7 423311
14 21 689639
10 18 887534
12 17 423518
18 3 112915
8 19 962356
5 6 5008
1 14 996557
14 20 479911
9 21 919580
20 8 435357
19 16 847287
20 1 674965
6 21 50572
17 18 327666
14 12 871338
4 10 274703
5 3 156419
17 15 801097
10 11 191973
13 10 79745
6 3 224299
11 7 992689
17 5 525354
10 6 420435
2 1 571403
8 2 969389
11 21 609773
2 19 436031
17 2 314364
3 2 685862
8 21 858846
2 9 613327
11 14 664073
2 11 4055
14 13 759400
5 10 79925
14 9 766839
21 3 166363
8 6 461441
5 18 910534
18 6 35317
13 5 390587
20 12 254698
21 7 649529
9 4 245482
7 6 489386
17 11 364325
8 10 153627
8 13 687020
6 12 538667
8 9 909541
18 8 807589
9 1 160229
20 18 186365
2 13 941003
18 15 405257
7 1 823589
2 6 767838
9 18 670001
9 13 913099
3 1 428889
19 21 790573
4 3 844068
5 14 869546
19 5 520110
9 19 141273
11 20 209593
15 6 441347
2 10 44260
10 21 695237
17 7 726215
14 2 302860
10 16 96001
3 8 36924
3 19 775513
16 4 648725
15 8 588529
5 15 673353
9 3 496603
15 12 652263
4 11 617253
3 11 657891
16 8 829424
20 2 64994
9 17 285486
6 4 947694
1 21 456831
10 19 463760
17 13 695069
10 12 349869
3 14 149688
12 7 485055
11 16 265890
14 7 436511
4 15 164937
5 12 582849
3 12 533484
18 12 89022
14 10 194656
4 21 434710
20 10 743703
9 5 319423
5 11 448056
10 1 520669
4 2 661846
15 14 341526
4 14 455735
13 7 458640
8 7 92743
1 11 327773
7 18 897942
17 4 821056
1 13 952817
16 3 374175
17 10 999699
21 18 168530
2 7 982414
3 7 412870
21 20 935736
10 9 718243
4 7 433231
7 16 447087
6 13 489896
16 9 981320
2 5 132978
17 3 601305
19 18 282322
18 2 548982
20 19 95453
11 6 584935
12 16 70172
15 13 628842
6 16 968679
16 5 241408
16 13 282484
5 7 712573
5 1 206098
16 17 720656
7 9 108756
18 4 777512
15 11 555520
8 1 653473
18 14 446766
7 10 454078
4 12 178460
21 17 610306
6 17 415174
5 4 807450
