22 210
6 9 772690
14 1 90670
10 5 212865
15 6 243013
6 14 582735
21 20 169607
2 13 519124
11 5 269795
4 17 177678
19 8 720354
21 5 989302
19 21 202574
12 13 546095
8 7 866526
21 1 615563
12 18 793267
19 2 997657
8 18 175433
16 15 388436
16 3 209717
18 3 469987
10 1 629883
17 15 735038
19 13 572808
14 7 189800
12 20 351834
4 14 101046
11 3 846584
17 6 371704
3 1 559772
1 13 303401
16 13 417153
20 16 480957
5 13 803412
10 7 154135
14 12 737006
5 18 854377
1 15 809645
15 3 544
15 14 582679
4 8 87144
6 13 90117
20 18 11307
5 3 315277
13 20 624961
18 2 278163
13 8 704580
20 8 68776
4 16 797022
3 19 980359
4 11 758041
4 9 332585
1 8 184660
21 14 728207
10 11 572169
21 2 840216
11 19 318904
9 10 559366
15 13 871102
7 3 289040
6 18 453208
9 17 269194
5 1 465650
7 19 882190
14 16 608867
15 8 823718
8 12 238407
6 2 59551
15 2 499773
12 16 737088
20 1 653923
3 14 847310
18 15 580953
5 15 884865
11 15 21259
13 17 790532
18 7 950136
9 16 16574
11 12 910213
17 19 497251
6 21 574571
18 4 559295
15 12 900196
19 5 641836
2 11 440531
14 20 879792
7 5 643715
15 10 980494
21 13 382333
16 5 210710
4 2 15000
2 5 528381
17 2 457330
4 5 629455
8 10 38696
1 2 452380
20 5 100332
20 2 995692
4 19 447425
4 10 964077
16 1 693439
17 18 698335
7 2 190208
19 12 915003
17 5 394275
19 18 255830
1 19 964758
10 19 140347
2 16 662450
4 13 246388
17 21 920465
10 2 463934
3 17 910272
10 12 131578
12 6 73398
14 9 917361
9 19 60455
4 3 707810
9 13 280219
20 17 614503
7 16 940405
14 18 639404
7 11 908424
12 4 117991
6 10 328955
21 12 685146
17 7 196589
16 18 29789
14 17 80202
20 9 176253
20 19 678137
4 1 924211
8 16 596466
4 20 190684
13 3 958043
15 20 838370
11 8 962682
10 21 17894
1 17 41880
7 13 249498
20 6 483725
21 9 368785
14 5 304145
11 1 792977
7 12 817802
20 11 999358
20 10 35080
14 11 962771
10 16 656932
9 12 614303
21 11 75262
17 12 703691
12 2 842427
11 9 852400
9 7 182827
15 19 440522
18 10 584440
6 7 213243
16 17 750210
9 8 103839
15 7 739425
9 1 511909
5 8 116508
6 3 229666
11 17 482236
17 10 691222
21 4 731894
21 8 228396
21 16 230221
3 21 73038
13 10 362145
2 8 241943
6 11 296325
6 8 258277
14 10 890941
11 16 636185
4 15 59893
19 16 601285
2 14 640292
8 14 256981
13 18 863473
18 1 982194
20 3 397424
20 7 603534
6 4 778511
9 3 766288
19 14 993323
9 15 203979
12 3 386513
6 1 507841
7 21 421457
21 15 83782
8 3 70223
12 5 970930
11 18 730498
7 4 269775
16 6 601284
2 9 30082
6 5 130967
13 11 700970
13 14 900836
9 5 420756
10 3 400400
9 18 445705
17 8 293435
6 19 959135
18 21 301032
1 12 94123
3 2 157494
1 7 587385
