22 210
7 16 162147
17 21 831670
4 6 810107
16 9 588436
19 3 113832
8 13 254941
19 4 695896
15 5 955892
9 14 760435
13 7 262678
9 11 624739
10 14 710132
6 14 619077
3 7 595971
11 15 934024
7 9 229514
14 16 341265
6 10 341790
11 16 689113
5 13 958749
18 8 420323
1 7 374754
1 21 686946
10 5 208793
12 1 558190
1 6 10860
2 17 621452
16 10 797732
19 6 322456
18 10 910511
17 16 698094
17 19 459632
6 21 831955
19 11 124720
20 11 534255
5 3 400519
20 13 443689
7 14 946678
13 1 661321
20 2 51353
18 21 761298
9 4 822568
1 15 440055
19 12 90537
19 1 818820
20 7 943904
2 4 404614
2 7 60784
8 14 683295
8 12 285020
5 14 481024
1 18 58824
20 16 606530
14 2 423207
9 6 770673
13 6 40022
19 15 220379
20 8 435279
8 3 476768
17 7 291321
8 15 694105
10 9 559932
10 15 903807
21 14 360311
19 13 487823
21 8 979478
15 6 983816
9 21 368470
7 21 515172
20 10 789116
21 2 171214
20 12 312477
12 10 563327
21 12 695772
21 11 700619
13 4 427243
13 14 759627
8 16 131731
9 13 961988
20 21 663274
12 13 394157
4 3 815698
1 20 74609
3 1 657473
3 21 363322
16 3 363128
12 5 476262
10 21 379471
15 2 135069
16 5 167563
17 4 549971
6 7 6674
5 20 748528
5 4 511351
12 17 685281
10 7 527237
13 2 112527
18 3 673773
6 3 418840
15 14 667397
2 3 336999
18 14 327449
6 12 8629
14 20 7724
11 12 98293
19 14 943797
5 11 281896
6 20 787402
7 8 639411
13 18 29740
5 8 52058
19 7 278305
20 18 537990
2 1 474571
8 1 274048
18 16 162346
1 14 145302
9 1 810348
1 17 905973
17 6 503599
11 18 622109
12 16 323593
19 16 464630
17 11 541613
17 5 924250
8 19 241231
15 17 201335
19 10 534934
4 11 518997
8 10 704696
2 19 696835
11 6 241586
17 13 365604
21 15 501035
17 3 690115
5 18 364193
15 13 659393
5 19 189232
13 16 934707
20 15 918862
8 6 268254
18 15 432454
4 12 222168
5 9 459262
6 16 998496
1 16 162267
15 16 279693
8 17 886437
11 3 726328
18 17 249876
11 2 987134
21 16 842878
7 12 627004
8 2 915034
9 2 508926
4 1 666411
13 3 976304
5 1 142600
17 9 900962
2 16 312541
9 12 919935
9 18 789233
2 5 842404
3 15 356345
8 11 214069
4 7 500012
15 9 417656
10 13 17112
20 19 395290
10 1 690593
21 5 912042
12 15 406882
3 9 384581
2 18 163524
12 2 946713
20 9 347478
18 4 178049
16 4 102613
4 15 771919
20 17 854820
3 12 967459
14 17 238344
7 5 636930
10 11 735836
7 15 894319
13 11 353169
8 9 695972
6 2 18604
4 8 28143
12 18 141808
14 12 245759
6 5 344178
21 19 673389
21 13 179369
3 20 234972
14 11 312113
1 11 601457
14 3 663596
7 11 477388
3 10 30494
10 2 90978
4 10 430154
21 4 276547
6 18 23909
4 14 388246
10 17 897477
4 20 36846
19 9 580164
18 7 873170
19 18 227505
