30 210
12 13 264546
23 18 384570
7 9 703471
26 30 532979
24 26 774987
25 17 649603
14 2 337066
15 2 83208
24 22 818078
3 15 181198
29 25 591304
22 28 305312
23 24 198711
20 30 588494
19 17 90473
30 22 171845
25 18 472971
4 8 193838
19 22 133118
6 10 94854
19 25 904141
23 29 387903
30 19 486139
6 14 939021
18 26 754565
6 11 474518
7 13 943933
5 1 940353
21 26 605060
30 21 555628
23 25 792341
21 19 636611
1 3 702586
20 17 866715
7 1 255775
29 28 830395
20 25 797736
19 18 703758
20 29 131750
13 4 102428
3 7 990433
6 13 865453
14 9 982906
29 26 376848
7 14 423110
14 11 230035
8 2 149703
1 4 652042
28 18 497894
22 27 15211
16 27 222055
18 21 372694
13 9 312449
24 17 686238
21 27 350309
21 20 635145
19 27 154155
9 1 658450
23 21 309272
3 14 633730
20 18 183649
17 29 744265
17 18 246619
3 13 589084
16 28 235782
13 1 777517
29 24 764049
4 11 798242
16 25 519669
28 19 521025
17 16 680595
26 16 120484
8 7 143297
16 22 861808
12 1 396674
13 15 291375
19 26 533776
13 10 358276
24 28 770274
5 2 260402
8 14 628418
19 16 418845
30 28 80706
5 6 280669
23 22 352466
29 16 255105
25 27 820834
7 5 27997
21 17 558260
3 9 607531
14 4 818128
28 20 66484
16 21 30282
17 22 28000
19 23 857014
8 5 740341
7 11 19106
20 19 175734
12 9 34778
10 15 35139
12 5 480437
27 23 849450
15 5 455167
9 15 586044
4 12 500480
9 11 387894
7 6 484871
3 2 901463
25 21 476026
9 2 551333
29 21 853465
5 11 92983
20 16 199546
22 26 432210
23 30 594380
11 12 146201
30 25 205526
7 12 704894
6 3 403676
12 8 302285
22 20 369000
3 4 204421
13 2 123026
13 11 199039
25 28 241731
15 7 347490
1 15 223266
10 7 571447
24 21 402772
11 8 263538
29 22 898102
17 23 675183
9 5 113874
8 9 569402
16 24 387994
25 26 822527
16 23 476035
17 27 423930
10 5 525765
23 20 959194
21 28 351421
29 18 828495
12 14 248600
8 6 437043
10 12 936131
12 3 111531
4 9 452601
4 6 874794
11 3 686884
6 2 804282
29 19 682518
30 29 745350
18 27 348378
11 1 684233
5 14 534851
24 30 76785
13 8 188710
4 7 513781
4 15 89535
10 8 939136
10 9 256073
24 25 112119
10 14 251534
15 6 66448
28 26 751840
15 11 872981
12 2 651698
27 30 626385
1 6 271115
3 8 438648
27 20 507161
27 29 863130
28 23 226252
12 6 236263
24 27 438455
18 22 691135
1 10 302988
1 2 106828
30 18 310621
16 18 967801
8 1 734060
5 3 978000
13 5 685372
26 17 774589
26 27 538517
16 30 859589
10 3 872596
2 11 164948
1 14 118399
24 20 174452
28 27 131417
17 30 625066
13 14 917139
6 9 595447
7 2 631664
22 25 999019
5 4 94672
21 22 904333
24 19 274965
23 26 114320
18 24 602462
15 14 761588
26 20 23735
15 12 603927
2 10 663999
11 10 282584
8 15 469258
4 10 218188
17 28 224884
2 4 358033
