30 244
16 14 247074
3 2 511370
17 3 948133
18 16 805740
14 13 569341
21 11 794198
5 16 692428
14 3 401459
4 1 735992
21 13 423072
10 17 987264
11 5 843749
22 20 323382
17 7 59060
12 3 840483
22 17 571138
7 18 172222
1 18 857837
12 13 535310
22 5 379789
20 19 505935
4 15 840003
22 18 760545
19 1 874533
17 19 450116
4 3 719083
11 10 466878
21 17 972597
22 4 158375
6 1 986340
22 14 669008
6 22 249433
4 14 376148
1 2 965243
18 2 18750
19 22 695409
19 14 332492
21 6 143885
10 13 707568
5 15 593341
12 7 314816
7 20 728861
20 17 479521
15 22 788788
13 4 492483
11 4 474447
16 22 166070
7 8 986260
5 1 158012
9 22 530081
19 12 417994
12 11 998818
6 17 669165
2 13 405100
11 6 311738
9 21 116240
9 7 331004
9 19 557094
20 9 520351
2 21 938065
17 4 741106
16 12 157054
8 3 99875
7 15 702080
5 2 455537
9 18 233543
22 21 862929
2 4 231386
1 7 16880
2 8 564692
11 18 646117
4 16 927984
13 19 596322
17 13 473307
15 13 501284
6 5 499926
3 16 179211
19 18 519872
10 16 865415
12 20 419896
20 11 676950
12 1 239715
6 13 800704
19 6 388445
1 10 857343
5 9 43048
5 7 480971
1 16 263314
9 13 655753
18 17 953509
4 12 115400
4 6 336177
7 16 340036
17 2 945025
10 14 778504
22 7 835114
2 20 172194
18 4 287212
13 20 432443
2 6 419875
19 10 407831
17 1 228609
22 8 782946
13 1 338078
10 21 129918
5 8 976429
15 20 451042
12 2 645571
21 5 648500
6 14 893498
1 22 924839
17 5 255625
13 18 468258
3 19 235260
21 20 682350
22 11 721482
20 6 518089
11 7 684410
13 7 318703
21 7 108271
2 11 930218
8 21 4580
7 4 441548
16 19 405209
12 9 838497
18 21 220034
12 6 821743
19 4 41378
18 8 906746
4 10 796152
14 9 578823
8 16 547763
15 16 994094
10 8 334809
22 12 372286
12 18 55696
14 1 708195
9 11 655687
10 3 47416
21 19 658655
10 18 662192
7 10 913004
5 14 777749
3 18 353801
8 1 879492
12 21 877219
1 20 797616
22 10 273007
12 17 865494
1 11 999817
8 4 74201
20 10 272420
14 11 916230
11 19 205162
13 16 478815
3 1 11654
3 22 318267
9 17 368781
16 6 15037
20 3 311233
3 13 554991
7 6 347328
6 8 618555
13 5 462289
14 21 169067
3 21 824933
19 2 140318
20 18 213597
9 1 681351
8 20 788136
18 6 348085
19 7 860675
19 8 393934
17 8 484211
12 15 229317
6 10 595454
11 15 697195
7 14 604861
5 20 333105
10 2 569616
20 16 635336
21 15 463891
3 5 286617
2 16 490257
19 5 8925
9 3 116221
7 3 887065
3 11 468662
15 8 737735
14 17 947258
1 15 280581
9 8 575863
22 13 924831
13 8 98201
3 6 494985
2 7 78959
21 1 223391
8 14 343605
4 20 893940
14 15 976439
4 21 944500
9 4 907472
15 10 338759
12 14 884600
13 11 60422
5 10 61706
16 17 390355
6 9 705201
9 16 751415
17 11 99266
8 12 128755
18 5 84930
12 5 569581
11 16 783905
10 9 155479
16 21 758749
15 19 30492
2 14 863574
15 3 502057
15 9 550020
2 15 995173
15 17 611998
11 8 893954
5 4 904807
10 12 156455
20 14 899076
2 9 359964
15 18 459523
14 18 23813
22 2 690485
6 15 892580
26 24 838364
26 25 634397
24 25 658644
27 23 368985
23 26 219685
25 23 951650
27 25 253928
24 27 403849
23 24 309625
26 27 11044
28 30 753245
29 28 7994
29 30 745797
