30 246
22 1 27369
14 10 956313
5 2 296225
5 6 765383
14 8 632478
10 1 10128
18 14 779920
2 11 423123
14 17 679370
1 3 480481
11 15 798250
14 7 21961
19 18 994068
16 7 294958
19 12 953366
5 8 638352
4 20 113600
3 17 22754
22 13 78808
6 13 415943
20 3 406217
6 7 198202
4 7 319374
20 8 727881
22 18 416945
4 21 686800
6 20 876092
13 10 147307
13 12 108768
7 1 657706
20 10 662806
6 11 103291
18 5 464457
20 1 807637
11 18 580527
19 13 436279
8 16 723977
22 5 30327
20 18 348856
17 8 313266
18 6 237539
16 2 973885
3 5 65732
16 6 433993
5 14 104033
10 7 825695
2 13 948384
10 4 782823
22 20 400118
6 17 840522
1 5 446759
19 17 412356
7 19 993244
10 2 347780
21 9 55478
1 15 310108
16 5 388332
17 11 218664
14 6 108243
9 1 634996
4 17 9138
12 21 185845
14 9 222967
2 15 44006
22 21 848250
9 11 710954
19 22 56363
14 13 757957
13 20 182084
4 9 952766
20 7 304968
11 16 510697
13 4 227811
8 15 668764
16 13 948155
11 19 349331
8 3 13067
1 12 335063
3 10 491532
11 3 918766
4 15 93127
5 13 918984
6 9 924935
6 12 215924
3 16 499232
19 1 893541
16 4 121514
22 4 940577
21 17 552934
9 15 454117
19 2 523373
2 4 626749
11 4 655403
16 15 864875
12 17 997432
8 18 462370
5 9 255475
10 12 625051
12 3 475078
11 8 502442
9 13 391175
2 8 258235
22 14 115188
18 7 76202
3 18 143949
17 9 631046
3 19 232261
16 17 16953
21 6 432845
7 3 727883
6 22 224876
18 17 593544
13 17 229857
6 4 400011
16 9 718370
21 19 166974
10 18 845449
20 5 460754
5 21 39035
19 9 395178
19 6 882944
20 9 623110
7 12 208707
10 15 691829
17 20 732154
5 7 153180
6 8 667163
15 7 304658
10 6 502844
5 11 11139
21 1 667419
8 10 589480
22 10 742361
14 3 454266
6 2 224335
15 22 374244
3 4 460882
15 12 931278
12 8 490317
12 16 730433
14 20 417492
17 15 409987
20 19 962348
2 18 790331
1 11 302044
10 11 22926
10 21 638488
21 11 748067
17 1 956205
2 22 304238
7 8 184601
12 20 155345
1 4 416953
12 14 22462
1 14 743414
8 1 258855
7 11 860512
20 21 42559
2 7 309790
17 7 123756
9 3 842429
16 20 951527
9 2 787826
15 3 613027
15 19 383248
21 8 52459
10 19 854083
8 22 334836
7 22 534365
19 16 80126
14 4 100904
10 17 503605
14 11 615194
13 11 513757
4 18 625581
14 15 32655
17 2 832571
1 2 361523
15 18 122800
13 21 89841
21 2 154509
9 22 902351
5 10 178146
22 11 906477
19 4 918754
11 12 915501
3 2 456788
1 6 409516
18 9 221644
18 12 813840
21 14 752866
15 20 193520
3 13 795739
20 11 714176
16 10 222578
16 1 789242
12 9 402392
5 15 147237
13 18 203564
5 4 659366
22 3 539220
16 18 192538
15 13 117538
9 10 171466
18 1 253506
12 5 525403
9 8 472198
21 3 369249
5 17 38584
12 2 643022
4 8 511122
7 21 498984
18 21 651722
4 12 816989
15 21 742979
7 13 426591
7 9 667432
16 14 150590
1 13 141950
12 22 612911
19 5 730252
22 16 783466
19 8 806308
13 8 79534
6 3 699285
14 19 772723
20 2 234800
17 22 43515
2 14 293022
21 16 411140
6 15 115879
27 24 237290
28 25 108064
26 28 490486
25 26 716941
26 23 625690
28 27 142319
23 24 179500
23 28 965438
25 23 699461
26 24 542826
24 28 301817
25 24 592198
27 25 347022
27 26 419008
23 27 395430
