200 100
66 65 526736
177 178 571296
114 113 88684
24 23 324438
1 2 181265
89 90 686246
22 21 691880
25 26 674821
64 63 593463
34 33 234558
101 102 588380
131 132 792164
74 73 114830
146 145 884240
128 127 910357
187 188 426389
50 49 216096
124 123 543483
122 121 648309
76 75 477405
91 92 436987
125 126 203866
58 57 220440
169 170 126056
82 81 683934
36 35 237396
93 94 407009
69 70 599930
164 163 338467
179 180 146032
59 60 727104
52 51 298949
183 184 738765
106 105 339635
136 135 681529
115 116 147911
61 62 537897
12 11 494035
15 16 458331
20 19 253801
95 96 480341
79 80 145202
17 18 264530
158 157 396952
144 143 689274
149 150 817194
176 175 18126
85 86 160261
48 47 835787
192 191 558661
159 160 701875
173 174 541166
9 10 489515
129 130 629786
142 141 132898
147 148 478390
7 8 197939
78 77 922954
155 156 270883
140 139 984734
110 109 823966
161 162 143530
87 88 206837
195 196 101207
43 44 677605
112 111 544863
27 28 787174
42 41 201869
152 151 181357
45 46 873251
107 108 811586
32 31 944029
71 72 303189
104 103 534212
197 198 768668
171 172 994359
84 83 631112
6 5 334560
138 137 526777
134 133 818043
68 67 825529
40 39 575543
166 165 846066
182 181 162795
30 29 865946
38 37 734826
99 100 704600
193 194 458925
190 189 514419
3 4 661431
168 167 301412
53 54 6662
185 186 652186
199 200 770344
118 117 152188
98 97 101222
154 153 416238
120 119 78842
14 13 479773
55 56 975680
