198 198
192 191 893642
149 150 252061
114 113 945502
106 108 221042
46 48 274800
183 181 886376
144 143 310375
190 191 392405
81 80 970958
81 79 841766
120 119 534139
39 37 403423
147 146 55661
91 93 709889
66 65 512757
63 61 210583
103 104 353825
187 188 850270
140 141 534142
98 97 835729
172 174 688931
197 198 144802
160 161 166837
184 185 909528
134 133 609862
28 30 119798
1 2 677126
82 83 528841
83 84 40758
178 179 500393
15 14 803060
4 5 996817
90 89 972875
79 80 445244
23 24 801475
60 58 210626
65 64 135887
47 46 436776
153 151 783459
112 114 488885
4 6 289365
74 73 154419
11 10 569240
139 141 947737
99 98 148419
27 25 104641
136 138 70576
179 180 568752
165 164 487617
7 9 267911
185 186 573467
135 133 994509
21 20 791963
155 154 574819
94 96 682613
168 166 986893
169 171 631100
70 71 504711
64 66 323405
106 107 925326
3 2 520466
8 7 327367
12 10 201631
56 55 652549
110 111 190331
20 19 914894
36 35 705231
178 180 24255
105 103 785282
101 100 444134
162 161 716019
40 42 45326
149 148 639782
44 43 101309
184 186 388082
195 193 146088
129 128 741232
111 109 123472
118 120 136303
50 49 467040
142 143 819517
68 67 725037
130 132 21743
125 126 738520
86 87 367103
26 27 705360
55 57 950142
156 155 210215
53 54 633868
158 159 227433
183 182 671541
36 34 113658
59 58 958469
152 153 208755
192 190 215060
62 63 197083
68 69 640977
77 78 379251
198 196 482845
22 23 545252
131 130 423266
167 168 527243
117 116 309392
32 31 896274
95 94 46644
135 134 932984
107 108 447461
97 99 277148
138 137 930810
113 112 520694
169 170 521527
15 13 733471
176 175 186691
60 59 509143
177 176 896469
129 127 486291
34 35 376612
174 173 844779
71 72 478455
131 132 95099
45 43 66468
154 156 315219
53 52 67976
163 164 251277
52 54 648496
144 142 688376
16 18 755663
57 56 928954
172 173 965455
51 49 112222
166 167 536833
29 30 480193
159 157 787820
188 189 931427
163 165 164242
145 147 966266
152 151 983273
127 128 271470
157 158 992892
28 29 479754
146 145 148467
25 26 626317
8 9 107644
150 148 488804
119 118 416995
116 115 26454
62 61 653646
96 95 613161
100 102 72188
102 101 449655
33 31 866071
44 45 505796
1 3 784912
78 76 466852
75 73 458331
14 13 388562
137 136 180295
84 82 413161
182 181 255166
88 90 391853
91 92 554471
122 123 756655
50 51 620344
123 121 85991
41 42 209206
194 195 396761
126 124 961465
140 139 667248
175 177 963534
48 47 85105
117 115 225402
6 5 148259
122 121 608053
189 187 954851
38 37 283708
19 21 833807
88 89 977277
197 196 921120
86 85 367077
40 41 677370
125 124 674062
11 12 70787
171 170 592189
18 17 396063
69 67 955402
76 77 260507
75 74 930042
16 17 727995
38 39 735400
32 33 890535
162 160 383256
194 193 349440
93 92 514418
22 24 731377
104 105 676831
109 110 795149
72 70 429249
87 85 593472
