164 246
146 145 453779
31 32 662279
14 13 117697
24 21 116348
125 128 104762
134 133 883589
12 10 35097
160 158 371817
100 98 572045
158 159 249039
18 20 555689
72 71 659194
75 73 561251
131 129 979841
21 22 580362
79 80 905788
57 60 871310
39 37 301418
32 29 93262
142 144 748992
40 38 647969
117 118 928395
162 163 39977
57 59 91704
132 129 909646
72 69 493357
61 62 91243
7 5 103247
125 126 818863
111 110 968194
70 72 125644
37 38 226394
152 149 706010
132 130 635599
141 142 509512
58 59 319146
42 44 676458
114 116 898338
15 14 859113
39 38 886179
139 140 303945
56 55 880558
63 64 141683
9 10 805585
143 144 23299
45 46 836922
114 115 285786
75 76 538898
60 58 774451
95 93 114559
43 42 298221
163 161 462289
143 141 948115
97 98 364041
21 23 344777
155 153 5433
138 137 979592
57 58 926453
134 136 505453
36 35 312093
65 68 247194
92 89 483653
61 64 20181
99 98 183770
111 109 158250
53 55 359712
129 130 124090
16 15 237569
9 11 492114
46 47 577650
74 76 682490
54 56 655042
51 52 981546
77 79 507660
93 94 636399
126 127 188950
160 159 69895
84 81 996659
69 71 83193
54 55 49880
34 36 135130
164 162 865387
146 147 33461
93 96 217414
87 85 712776
121 123 755546
75 74 703121
117 120 865661
68 67 536061
30 31 257311
26 27 952537
155 154 101866
30 32 85918
26 25 651466
2 1 905640
34 35 527298
48 46 211304
70 71 352516
151 152 15940
118 119 13848
48 47 917902
50 49 714830
147 148 848559
156 155 333781
64 62 239562
19 18 638671
103 101 128680
53 54 582261
97 100 812469
49 51 178960
99 97 244810
9 12 81466
130 131 986772
60 59 292933
49 52 294012
123 122 936058
108 107 683819
157 160 229641
139 138 171045
162 161 449910
94 95 898804
106 107 934920
102 103 594911
110 109 628213
27 25 315327
26 28 530349
135 133 856762
62 63 117950
78 77 213925
143 142 364952
112 111 550712
153 154 676290
76 73 639100
12 11 94525
106 108 43426
156 154 430364
51 50 845979
136 133 10896
78 79 470907
128 127 119088
47 45 462520
1 3 686254
115 113 451318
28 25 729785
83 81 274617
67 65 526427
14 16 219665
163 164 911631
101 104 66352
35 33 23785
153 156 314841
2 4 259827
86 85 472535
73 74 628537
3 4 635726
90 89 685485
8 6 449401
23 24 436437
41 43 296482
120 118 577875
33 36 666572
151 149 429623
114 113 510249
107 105 684951
112 109 963101
102 101 878500
8 7 208652
13 16 705784
121 124 389168
4 1 766510
96 94 874317
77 80 307048
83 82 661531
89 91 777413
81 82 170831
105 108 444454
65 66 229719
126 128 621840
20 19 432901
88 86 653872
8 5 319139
84 83 263945
29 30 73102
115 116 767858
87 86 670599
104 102 504189
5 6 993839
113 116 507098
41 44 364491
135 134 92705
147 145 310708
37 40 555022
103 104 36756
7 6 950040
136 135 475005
17 20 153013
33 34 12153
140 137 792974
90 92 189936
95 96 727532
11 10 573210
67 66 391161
39 40 448519
141 144 971613
23 22 607686
88 87 134701
158 157 638769
61 63 820003
127 125 296013
138 140 964406
84 82 85025
43 44 98677
105 106 837007
80 78 179321
119 120 771607
148 145 25189
69 70 764156
17 18 599734
150 149 889810
3 2 904617
50 52 99886
31 29 747239
42 41 908829
124 123 462198
150 152 393861
27 28 762919
85 88 508446
56 53 282958
131 132 378435
121 122 877
124 122 561079
148 146 20230
161 164 44044
91 92 289619
48 45 99373
22 24 519488
66 68 388139
117 119 63085
91 90 153276
139 137 762565
19 17 447388
99 100 814256
15 13 23344
159 157 877834
110 112 117285
151 150 24592
