120 240
4 1 635000
120 119 499834
3 1 689767
57 58 433916
60 58 723760
32 33 28299
83 82 802374
67 68 943525
31 32 252215
88 86 800113
97 98 217313
63 65 245306
32 35 838264
109 107 210869
96 100 679479
34 35 601356
89 86 337995
25 23 683352
94 92 690862
106 110 26294
56 59 225486
50 48 295027
53 54 993218
82 84 843495
97 99 777678
62 64 858906
2 3 216014
31 34 525628
11 15 208562
9 7 497552
117 119 482834
97 100 902760
78 77 607862
42 44 183943
55 52 318098
12 15 754793
64 61 626808
95 92 727816
90 86 269729
24 23 374875
36 37 953975
51 52 525787
6 9 615890
117 118 812377
73 75 436881
5 3 505084
19 17 718093
108 107 665440
19 18 496011
49 48 900755
97 96 850956
80 76 39268
112 114 458782
12 11 865886
93 92 408418
113 114 822897
74 73 466966
87 89 297988
41 44 493867
70 66 302602
90 88 71015
102 101 646860
103 105 775579
63 61 779516
4 3 512456
69 68 108218
30 28 52173
57 60 704179
24 22 813696
53 52 976848
105 104 739962
67 70 462349
90 87 627106
89 88 890147
71 75 597969
45 43 550036
120 116 734143
15 14 729758
93 95 78311
20 18 491540
62 61 890486
83 84 883556
24 25 675902
105 101 536227
79 78 7601
2 5 807855
91 95 538558
39 40 905607
119 118 370423
7 10 115809
64 63 682975
91 94 930866
21 24 306614
36 38 23500
46 49 696733
5 1 479100
35 31 728609
76 77 704599
26 30 69335
9 8 951965
96 98 806740
13 14 762793
79 76 501202
16 17 385778
111 114 489578
85 82 925162
77 79 700408
40 36 643859
109 106 580431
93 91 104109
73 71 681163
75 74 617092
76 78 18987
111 112 430129
81 84 551899
34 32 212091
66 67 145421
54 52 355226
117 116 997650
108 106 422950
64 65 916679
45 41 219608
13 15 580766
22 25 777019
20 16 26835
4 2 792634
27 28 805282
44 45 46181
20 19 550431
81 85 225120
44 43 709975
29 30 257976
94 93 524580
16 19 386593
55 53 107606
68 70 956002
66 69 79516
119 116 227269
48 47 41911
36 39 593687
12 13 968769
67 69 742356
112 113 537819
6 10 34070
46 48 252906
50 47 309411
102 104 206830
18 16 994843
17 18 93262
81 82 187574
101 103 161474
56 57 389402
22 23 65644
59 60 455992
9 10 154813
72 74 378995
43 42 166080
111 113 378040
51 55 814689
115 111 265487
74 71 199881
83 81 402971
84 85 582070
98 100 908472
62 63 668029
51 53 560677
29 27 773917
110 107 107041
69 70 703951
43 41 324277
59 58 817297
71 72 153407
28 29 836999
26 29 162292
91 92 158187
115 112 35551
7 8 328929
1 2 164949
46 50 313617
11 14 780260
46 47 711488
33 31 958878
25 21 103273
28 26 876145
38 39 405606
102 105 998061
120 118 826366
117 120 54954
23 21 597237
75 72 940732
118 116 196929
106 107 26998
73 72 277411
41 42 538659
40 38 958713
56 60 48820
38 37 851682
58 56 401514
45 42 377811
109 108 927699
113 115 586441
7 6 738688
62 65 699026
61 65 758526
13 11 234866
33 35 881453
4 5 236056
80 77 240227
85 83 17605
12 14 893966
57 59 247057
20 17 992824
99 96 906368
55 54 76108
80 78 544405
6 8 875040
99 98 533255
99 100 970177
109 110 895075
66 68 553244
21 22 346613
90 89 67631
80 79 94518
51 54 63724
104 101 930799
108 110 523031
10 8 368447
114 115 802753
103 102 881691
49 47 388871
37 39 584340
40 37 257197
26 27 247208
87 88 353126
87 86 471108
103 104 554859
94 95 827276
50 49 503121
27 30 483173
33 34 795219
