96 240
47 44 332394
69 72 476396
24 23 500008
14 13 88109
59 60 20529
34 35 863863
65 66 580506
83 80 454863
41 38 386735
23 19 991285
59 56 154568
91 94 706835
20 19 498532
74 78 343673
55 60 285977
53 52 310483
2 5 345645
19 24 743678
93 95 155966
86 85 10802
41 40 379705
14 15 929505
65 63 354557
9 12 49125
4 3 231741
30 28 489991
76 73 430480
7 12 781110
22 20 727254
96 91 69858
47 46 800827
75 74 803038
34 31 29845
94 95 960339
18 13 402803
8 12 825226
77 76 926149
22 21 784175
78 75 905420
69 67 260923
90 85 884283
84 82 794015
5 6 685261
72 67 808700
33 36 342290
54 51 239003
48 46 652219
65 64 372711
2 1 958210
30 29 382431
53 51 128188
77 78 904585
66 63 797958
73 74 626272
83 84 631227
87 86 478363
52 51 217594
58 57 778285
28 26 925061
87 90 117945
15 17 895501
56 58 82024
83 81 113282
37 38 696664
21 20 473038
37 41 190498
18 16 349139
33 34 534547
62 64 572867
85 87 899253
39 37 817359
79 84 816807
43 47 909305
3 1 140368
3 5 959486
96 94 931870
20 24 353773
38 42 655770
30 27 32972
34 32 985548
20 23 643268
71 68 508229
33 32 631992
33 31 486731
78 76 511332
65 61 225433
77 73 732369
89 90 228417
14 18 400659
26 30 38281
86 88 25135
40 42 235946
62 61 261859
56 60 453270
29 27 848943
81 80 315543
71 72 501261
2 3 120592
69 70 100060
8 11 142223
63 64 553914
45 48 901431
6 4 932088
35 31 766276
17 13 431759
56 57 10151
57 60 472350
66 64 979465
33 35 139845
11 12 925081
86 89 149936
90 88 111546
75 77 146578
24 21 608408
43 46 938346
38 39 874203
53 49 877944
79 80 169706
79 82 642294
17 18 328288
87 89 829475
8 7 612325
77 74 42163
92 91 735201
91 93 354937
16 15 96565
16 14 952157
29 28 203205
22 24 18189
9 11 185028
63 62 681907
6 1 184253
89 85 525403
28 27 377754
88 85 809419
66 62 240058
42 37 405724
2 6 889551
3 6 319452
88 89 349892
50 52 40489
7 9 258411
68 70 940714
28 25 469961
39 42 50608
1 4 23616
32 31 42254
62 65 601944
69 68 157810
80 84 165554
55 57 807998
71 69 370794
10 9 667501
95 96 227575
76 75 560291
9 8 954635
49 51 306781
70 71 175676
39 41 161749
61 63 868705
25 29 207713
15 18 171396
2 4 651421
61 64 782656
52 49 541235
11 10 531817
5 4 601142
21 19 523956
50 54 514147
55 56 686192
10 12 32264
59 55 360876
54 52 138735
58 55 670722
36 34 817734
48 43 411974
13 16 355700
47 45 726957
7 10 956717
25 27 97354
26 29 834153
27 26 734905
21 23 819796
88 87 858014
48 47 321338
14 17 511993
83 79 41322
96 93 253232
13 15 996485
39 40 194987
38 40 761686
67 68 648997
70 72 84100
90 86 310564
23 22 942728
31 36 4068
57 59 217133
7 11 312472
92 95 910126
82 80 832116
93 94 211646
54 53 49016
50 51 374753
49 50 813264
45 44 622414
73 75 335406
66 61 529995
41 42 517678
16 17 546626
72 68 160547
74 76 407509
46 44 739831
36 32 233320
25 30 344131
53 50 950470
37 40 973778
35 32 846379
78 73 231222
19 22 584543
10 8 650876
44 43 178363
45 46 941792
96 92 199308
36 35 9098
91 95 275553
67 71 441429
59 58 635892
5 1 998631
70 67 8791
93 92 304862
43 45 504781
84 81 260311
81 82 19397
54 49 959059
26 25 276365
44 48 970498
79 81 282350
92 94 392656
83 82 757578
58 60 629485
