77 231
48 49 382448
14 9 304787
6 3 85774
54 52 295243
50 53 606437
62 63 512435
29 33 217258
60 58 142297
27 25 480175
53 56 901165
59 63 797979
69 66 357761
72 74 666451
77 73 858398
1 7 423747
46 43 315278
30 31 502470
30 33 462723
55 53 569729
19 16 543648
1 6 592027
17 21 342776
55 52 962828
41 42 925465
25 24 173165
58 59 662670
55 56 947213
35 29 852271
75 77 771673
14 8 572822
65 69 951817
26 24 449324
26 22 718380
72 75 376310
46 47 660955
57 60 820200
55 54 153065
35 30 566027
22 25 449595
1 3 948606
5 7 57554
53 52 790745
37 39 134090
5 2 191997
6 5 358996
49 44 623068
6 4 512634
51 52 977949
8 11 98604
39 42 361906
3 5 24766
57 58 731776
21 16 253062
24 28 81799
77 71 792568
72 76 732661
15 18 933579
54 50 531583
56 54 689220
31 29 278070
43 47 670751
16 20 812843
34 35 275646
39 36 770707
71 72 779196
21 15 103503
68 65 718157
1 4 892434
66 67 127628
17 15 196645
45 43 245933
61 58 975698
41 37 856944
57 63 61212
4 7 734209
56 50 347189
40 39 859040
13 8 275564
11 9 330805
47 45 608284
2 7 221039
54 51 284328
5 4 421248
34 31 259273
56 52 22226
46 48 430239
55 51 493284
73 72 403755
30 29 255482
44 47 967520
25 23 141863
12 13 238026
32 34 982614
77 74 105901
19 17 900870
49 43 173123
19 18 892329
26 23 867391
40 42 744803
56 51 545954
61 62 353878
20 15 215951
47 49 391421
51 53 268569
28 25 689010
77 72 174226
36 40 821628
77 76 626278
69 68 99132
14 12 545479
27 22 3941
14 10 107127
24 22 470727
36 42 591398
17 16 528970
45 44 821733
62 60 139371
74 73 880066
48 43 445459
44 48 536385
31 32 442134
31 33 858285
20 19 687745
69 70 369660
62 59 571981
60 63 796847
1 2 924866
41 40 651218
16 15 465958
33 35 807176
74 71 92461
65 64 536759
27 26 539133
42 37 206089
14 13 918744
61 63 583767
11 14 828566
13 10 258418
30 32 110389
20 21 693023
24 23 785601
30 34 120929
43 44 414366
67 64 932096
8 12 38933
57 62 217342
29 32 89088
71 73 337728
68 67 500800
51 50 620644
46 49 62680
5 1 83550
35 31 850862
37 40 92489
57 59 70854
70 65 915211
58 62 40
38 42 533346
4 3 455033
9 8 195608
64 68 800398
70 68 247730
10 8 114301
38 41 619640
61 59 569300
66 68 508202
66 70 205136
19 21 412622
75 76 732859
35 32 634180
75 73 944391
24 27 422550
60 59 759168
61 57 176071
76 74 693005
71 76 480017
38 40 316750
20 18 813756
7 6 783103
49 45 981291
2 3 530088
37 38 326859
12 11 783809
3 7 710008
12 9 369654
58 63 809491
67 65 823086
36 38 569791
54 53 790363
23 27 203590
36 37 709064
10 11 777583
64 69 839148
66 64 593285
74 75 778065
33 34 42679
46 45 427648
11 13 707144
75 71 428015
29 34 263888
23 22 560848
18 16 169680
21 18 895182
9 13 288484
69 67 983600
36 41 602904
28 27 526127
19 15 950454
44 46 575615
22 28 377177
23 28 681127
41 39 436041
10 12 548994
39 38 426564
18 17 421752
26 25 699607
61 60 636362
50 52 750211
6 2 444574
9 10 820664
17 20 444692
47 48 840199
65 66 600148
32 33 247602
45 48 918835
2 4 130303
70 64 266205
26 28 555871
50 55 197321
76 73 23709
67 70 768273
