64 224
26 27 307276
12 11 574357
10 16 185505
9 13 260959
2 8 441378
61 63 243142
11 16 371320
57 59 377899
33 37 846924
24 17 48658
21 18 934478
9 10 532097
11 10 794772
7 3 516894
29 26 748366
49 54 282723
55 51 141302
33 39 610626
41 46 619689
37 38 179265
45 46 602858
5 1 998283
35 37 909571
20 22 78704
5 3 987909
34 39 485650
63 64 958944
31 26 328991
39 35 841794
5 8 843255
18 23 700683
54 50 146275
14 11 874165
27 31 242181
56 51 576185
16 12 448725
34 40 959724
4 8 953032
17 20 899306
40 38 201201
17 19 529553
47 48 126329
56 49 599919
34 36 483600
15 9 648693
50 53 158653
17 22 445716
29 27 551721
53 51 8723
27 28 945650
63 58 587476
64 62 483090
32 28 228506
63 62 240701
16 13 989246
4 1 182592
31 28 364478
19 22 103833
47 46 275523
48 45 521442
24 21 654068
25 31 226419
21 20 504062
53 56 253923
57 64 632540
31 30 332716
13 15 37474
32 26 237188
1 8 91786
17 21 213047
60 64 922224
45 47 719379
53 49 881243
63 57 992750
22 18 556764
40 36 626220
49 52 521667
18 19 824460
3 6 115593
42 43 655970
7 4 304601
33 34 448153
32 27 632603
30 26 238298
29 25 817139
2 6 724450
45 41 772123
48 41 160409
21 23 254613
19 24 140807
54 56 595746
43 45 955195
24 20 496437
40 37 766272
13 12 57759
44 43 621502
59 62 882327
42 44 422223
59 63 764333
21 19 793761
35 33 869483
9 12 630967
53 52 920452
52 55 886739
2 4 151300
37 34 4439
54 52 905449
8 3 958161
42 47 231322
2 1 712343
7 2 765943
27 25 46317
43 47 201064
15 10 250526
62 61 569009
5 7 760556
15 16 538821
30 32 85235
6 8 326870
24 23 410748
30 27 939724
62 60 227737
55 54 669119
4 5 739150
45 44 862864
39 36 112329
58 60 634711
25 32 234192
35 36 486089
26 28 679253
14 9 643922
38 35 729210
51 50 433875
41 43 369613
49 51 417456
44 46 434213
35 34 76169
11 15 248937
48 42 926479
36 38 637483
41 44 861893
3 2 757737
35 40 350191
52 50 389604
39 40 174794
10 14 831627
22 24 648359
55 50 297362
48 43 227771
15 12 312571
48 46 721677
23 19 182840
29 32 508812
13 11 434578
20 23 798490
31 32 444258
14 15 711446
36 33 163915
60 63 722583
1 6 194095
57 58 973524
4 3 865773
17 18 845038
53 54 631473
33 38 142237
43 46 775065
46 42 970448
52 56 992782
4 6 444207
23 17 175641
10 12 403534
51 54 756426
25 26 155621
28 30 932002
19 20 907293
5 6 85118
10 13 468885
58 64 644403
45 42 187818
22 21 704092
64 59 893109
58 62 721694
2 5 706565
29 28 568822
59 58 156818
36 37 95732
55 49 733773
57 62 461624
24 18 49586
14 16 811326
3 1 839800
13 14 764003
57 61 130550
16 9 391267
14 12 450871
44 48 747345
58 61 25987
60 59 675239
50 49 981022
61 59 96801
41 47 127604
40 33 891565
47 44 503575
29 31 952719
51 52 818905
20 18 52214
25 30 732899
6 7 157700
60 57 947088
7 8 305358
23 22 453568
38 39 961438
42 41 171537
39 37 604347
25 28 173485
61 60 230848
34 38 509151
56 55 912146
9 11 242606
29 30 817710
64 61 441468
53 55 31342
50 56 988480
1 7 670887
