54 216
20 26 129929
10 18 354918
6 9 563078
19 24 913215
14 12 229545
47 46 996144
40 42 632931
15 11 417262
52 46 328437
4 1 843447
40 44 458717
19 21 502108
46 49 342537
50 49 698402
18 16 154899
31 35 21454
35 32 313967
22 19 298614
53 52 654404
26 27 84668
34 35 560739
44 37 60375
41 40 696270
7 8 514928
9 7 127080
45 42 610518
53 48 608545
37 43 545617
19 23 313947
36 34 267255
9 4 98225
3 1 926789
10 14 494670
48 52 979712
29 28 908869
8 5 189396
11 18 566143
27 24 57765
13 10 303774
54 48 830053
53 50 498288
50 46 424861
23 22 908802
6 7 460743
26 22 984323
22 25 850783
10 15 457516
46 48 593148
33 34 872397
7 4 973107
47 48 384829
37 41 427125
43 41 353403
37 40 869864
34 32 257029
10 11 540729
5 7 414426
18 15 966490
42 43 24969
50 47 945609
14 17 939835
41 44 987377
16 17 700977
40 43 117528
34 30 113400
27 25 73985
37 39 278971
45 44 772896
1 9 952973
20 21 52117
37 45 99751
33 32 941700
48 51 881427
6 2 588514
19 25 777165
46 51 267761
19 27 70122
7 1 636462
32 30 46899
2 3 255683
31 32 793590
53 46 286384
13 18 163567
22 27 106771
22 20 96511
3 7 824813
23 25 815309
17 12 258858
2 5 424080
38 37 440245
29 32 877476
21 26 902830
25 26 969701
28 36 340113
45 43 228836
51 54 366649
24 22 45831
8 1 42392
13 11 110724
29 36 344683
30 33 21902
21 23 709521
29 31 825473
4 8 636030
45 38 772265
27 20 878198
4 2 305901
41 38 168920
3 5 794461
51 49 92349
53 51 834848
50 52 352843
12 11 986153
39 40 529928
32 28 38961
54 50 938813
3 4 512319
6 4 103984
9 5 160932
42 38 994208
40 38 912914
27 23 707631
38 39 867459
29 30 425942
15 17 408837
51 50 471659
30 36 261175
14 16 270988
18 12 111101
36 35 887806
36 31 359109
7 2 124391
54 46 278453
25 21 313839
33 36 249980
30 31 475772
14 13 811379
31 33 145816
47 51 808722
34 31 655097
5 6 582776
49 48 616540
51 52 482561
5 1 214045
17 10 448262
34 28 700188
3 6 624980
10 12 451943
9 2 832241
24 23 865455
14 15 865256
23 20 130461
44 43 939609
4 5 469394
20 24 582645
28 35 736199
16 12 746546
54 52 778658
26 19 360060
16 11 805397
33 28 486723
29 34 55354
25 24 759386
9 3 358677
12 13 610137
47 54 49233
53 54 183207
54 49 754581
49 52 108417
23 26 32250
49 47 25303
41 39 34213
13 17 519470
13 16 32351
33 35 493147
8 9 875162
1 2 376962
24 26 749317
29 35 938913
30 35 544141
44 39 894654
21 27 976136
43 38 838463
2 8 686677
48 50 590837
39 42 293851
41 42 725684
8 3 180938
36 32 31314
15 16 78331
18 17 367893
12 15 16054
45 39 274034
6 8 70369
21 22 670370
16 10 681336
25 20 521032
47 53 838650
30 28 176853
49 53 113369
43 39 340205
11 17 708194
44 38 534329
20 19 359723
31 28 423085
42 44 880971
6 1 871708
41 45 805341
47 52 341257
29 33 445741
13 15 590974
21 24 895556
18 14 612542
42 37 879305
14 11 755615
45 40 549605
