50 225
27 21 13322
11 14 428094
26 23 764018
48 46 66332
13 20 595784
49 44 335272
21 23 709144
48 47 711331
29 24 261234
15 13 100628
20 17 913938
6 9 423453
48 49 380552
12 15 22762
41 42 164149
33 37 736898
35 31 16166
6 3 222281
15 20 242351
32 35 348272
33 38 14785
49 41 719040
24 23 641102
1 6 56757
34 39 810818
22 25 998957
4 2 635444
16 18 281133
34 38 535066
30 25 266467
10 3 956674
26 22 760648
50 42 572785
47 42 80318
1 7 776329
2 10 971755
38 35 308900
21 22 28133
1 4 205158
33 39 520447
8 4 968507
41 48 544633
3 9 838859
7 5 43827
27 23 692437
45 44 360860
14 19 515111
32 33 362855
32 38 512930
34 32 738068
11 15 64011
28 25 369018
26 28 300885
45 47 835529
8 3 597458
17 19 6739
27 22 939034
24 26 190084
41 46 201867
49 50 59550
30 27 136269
39 37 148802
8 5 7689
12 13 680703
1 5 600757
29 30 772813
24 22 908312
36 35 392953
47 50 848581
35 40 493156
32 31 870362
2 7 409141
20 19 213059
1 10 683395
29 23 395810
40 33 893941
12 16 940425
46 42 48541
43 50 961132
34 35 470648
41 45 37086
40 38 23484
28 27 657319
18 12 937082
16 15 732348
47 44 995058
19 15 143838
5 3 937895
30 22 378913
41 47 40310
18 13 306129
7 6 815946
10 6 847343
42 45 612195
24 21 762517
14 17 807063
32 39 924183
31 39 27171
33 36 752971
46 47 109031
34 36 159808
25 24 644294
25 26 811394
15 14 983236
7 3 129411
15 18 44128
12 19 648547
8 10 384308
25 27 650095
8 1 764411
16 17 67283
28 29 497418
22 23 60335
16 20 218373
17 11 98448
9 7 880890
36 32 366863
6 5 124336
37 38 635561
14 13 395202
50 44 264002
26 30 922516
5 2 953733
37 40 150972
42 48 661486
8 2 844144
28 21 978954
17 12 490596
16 19 435391
12 11 429622
39 35 591668
50 41 342024
31 34 565717
21 29 99534
28 22 809064
41 43 823507
39 36 451743
11 16 168891
50 45 621753
21 26 94668
1 3 202752
9 8 939753
48 44 444335
30 21 1089
37 31 744197
36 31 338208
46 44 445047
3 4 28791
18 20 103614
45 48 942017
43 49 257124
36 40 160220
4 6 827690
31 38 415219
46 43 265809
13 17 439647
16 14 401837
32 40 586347
10 9 428063
15 17 928337
49 42 907669
26 27 690862
38 39 935213
22 29 72183
28 24 955291
17 18 499437
6 2 986758
14 12 423292
43 42 188495
1 9 41736
43 47 541865
29 25 467024
37 36 397778
4 5 364279
46 45 157493
8 7 200731
35 37 53199
14 20 653353
35 33 555750
14 18 699847
37 32 590764
19 18 714561
28 23 118308
40 39 354368
44 43 76438
7 10 250543
1 2 747292
24 30 100595
9 4 293460
11 19 33038
49 46 367423
26 29 551313
11 13 292202
36 38 204102
40 31 858141
33 34 353915
50 48 499106
2 9 786305
18 11 608715
49 47 710465
4 7 30790
34 37 142795
6 8 851140
24 27 417525
25 21 467972
27 29 351389
9 5 600158
5 10 561123
25 23 688342
23 30 946279
43 45 511223
16 13 965808
41 44 667582
2 3 502737
30 28 48602
13 19 145483
46 50 60939
4 10 543508
49 45 594671
20 12 546930
43 48 262806
20 11 20511
31 33 716743
34 40 765525
42 44 390418
