44 220
22 12 816910
43 42 589492
5 4 650314
27 28 151247
25 33 176430
27 23 754707
44 34 748833
12 16 312288
13 15 715400
41 40 919523
9 5 170182
8 5 530484
26 32 586424
20 14 920095
1 9 372375
42 44 496216
36 34 193040
42 37 220115
1 4 957047
43 36 919094
27 26 560185
3 5 992706
9 11 781435
20 21 66179
30 23 774085
39 36 280840
32 23 539817
10 2 774815
23 24 534943
37 38 366217
14 15 433727
34 38 975983
19 13 124996
19 17 365648
36 44 834655
12 13 855821
14 16 306172
38 43 677924
21 18 521125
43 34 159671
42 35 487188
21 15 521067
12 14 30368
42 36 694816
3 1 701370
8 2 78732
28 31 460797
17 12 467439
17 18 766186
22 21 582135
10 6 15048
31 26 372352
35 41 417688
39 37 409298
24 27 757510
11 1 183334
28 26 486548
33 27 333432
26 33 492410
8 1 333066
35 43 441524
22 15 850643
38 40 635655
12 19 437164
1 10 814866
43 41 252870
19 22 470498
43 37 145286
2 7 572999
9 3 252939
10 5 707540
1 5 196403
25 30 178465
19 21 962938
37 36 987004
42 34 913984
39 42 33062
40 36 531234
34 41 81418
23 29 123694
5 2 71337
22 18 726389
5 11 265057
20 18 349615
2 1 648497
40 34 490683
40 44 486776
41 36 623872
4 11 749411
20 13 608087
26 24 110293
3 2 909682
20 17 634860
44 41 169525
44 39 493296
23 25 841883
13 22 79273
3 8 642748
28 25 281321
32 30 341113
18 19 161792
7 3 974432
20 16 202671
32 29 639026
22 16 546235
17 16 601879
44 37 308665
34 35 894373
21 17 208491
16 15 709631
15 19 919653
9 10 360933
3 6 12103
20 12 303983
21 13 608035
25 27 22136
7 5 775654
35 36 719646
39 40 35893
4 10 302036
24 30 532601
16 13 995615
36 38 95619
16 18 221875
23 28 965987
14 17 126187
20 15 580252
32 33 139699
21 12 203466
13 14 150234
23 26 644642
7 8 346357
23 33 336481
30 26 958340
33 31 70099
17 15 20300
18 13 901168
30 33 435726
3 4 657528
37 34 756776
24 31 493709
41 42 771151
43 39 768110
29 25 95634
29 31 392254
7 1 824258
4 7 524234
11 8 352706
1 6 65369
27 30 968744
11 10 177708
44 35 660673
44 38 855675
22 14 545810
38 39 709315
37 35 269490
38 35 981183
11 3 337832
29 26 645477
39 41 509159
8 6 172909
24 33 425577
37 40 562076
26 25 85172
18 14 400597
32 27 200123
2 11 740170
8 10 815801
29 27 465072
41 38 436865
32 25 885266
40 42 691932
12 18 831175
32 24 731604
6 7 997297
19 14 86831
2 4 491169
14 21 165924
42 38 498021
28 24 742206
4 6 704247
20 19 908427
25 24 638262
25 31 611453
8 4 98738
31 27 738075
28 29 192754
31 23 959738
28 32 135538
11 6 779711
28 30 410329
2 9 838580
43 44 542590
4 9 391941
39 34 438073
29 24 24500
35 39 927195
15 12 490938
32 31 160191
19 16 930047
28 33 430961
9 7 574076
40 43 782681
3 10 612444
17 22 695877
29 33 976512
21 16 558427
6 5 931227
35 40 624449
9 6 968239
7 11 307916
10 7 415812
41 37 929945
31 30 385029
8 9 437685
20 22 594948
30 29 984729
17 13 691762
15 18 941304
6 2 917813
