36 198
16 15 62726
36 28 104809
20 23 318149
21 23 251412
31 32 560761
17 13 876197
32 29 850570
18 13 408968
3 5 662218
5 11 257503
16 13 71129
29 31 759874
34 36 378062
7 12 913343
23 15 739244
6 8 662395
16 23 510099
1 7 464099
20 15 451546
10 2 129438
19 22 879919
21 13 483555
8 9 322365
17 16 221458
14 16 788282
31 36 84502
5 7 763742
4 2 27796
7 3 232553
3 11 771053
36 32 377378
12 3 633040
21 20 977249
8 1 417568
26 35 79842
7 11 197673
12 8 398580
24 13 207090
27 30 651225
6 2 94985
30 32 701163
36 33 541732
4 6 520341
33 25 566131
1 2 112957
32 27 870249
7 8 688545
7 4 909914
19 23 494322
8 4 278909
20 24 124757
34 32 632143
35 31 887202
33 28 538151
22 23 837203
4 5 260113
32 28 330069
22 17 427980
21 19 160635
28 25 37657
22 13 342305
33 29 825511
26 25 188242
36 27 303754
3 1 130852
19 17 276478
19 18 874997
23 13 392960
9 2 989011
20 19 951119
8 3 679460
34 33 551817
34 30 930729
28 26 579284
24 23 408811
16 24 372163
34 26 700035
17 18 646570
26 31 555010
11 1 842264
19 16 584556
13 20 812982
27 26 655896
25 35 260310
3 9 131425
27 34 973681
28 35 346622
12 1 131102
14 15 34817
22 24 258825
10 3 13233
1 6 132496
17 23 318271
26 33 126039
3 4 690574
7 2 984740
2 12 506454
11 10 520954
35 30 635743
26 29 280900
26 32 814386
28 34 299106
21 17 149212
18 16 359292
17 20 371673
18 15 159731
21 24 659802
1 5 178045
2 11 904000
13 14 30838
30 31 681934
31 28 915271
24 14 372830
14 21 24451
22 20 35065
27 25 843310
1 9 213329
22 15 496371
35 36 107721
15 21 636671
14 22 998544
12 4 368108
10 7 31054
25 32 290641
6 9 174953
18 23 862924
18 14 350642
35 29 533294
8 5 806475
8 2 314555
27 28 55392
16 22 830733
24 17 550048
11 8 761625
30 29 621103
8 10 674641
24 19 703902
16 20 204137
15 24 945483
25 31 858102
14 17 883364
9 4 123819
15 17 201362
5 10 377531
18 24 165666
6 5 32621
6 12 189754
21 18 660111
26 30 356776
27 33 540483
5 12 953881
9 10 499126
12 11 448244
19 14 575721
14 20 868843
10 12 544662
30 28 560774
15 19 256019
4 10 417237
7 6 877740
5 9 373649
27 31 967049
6 10 172364
6 11 767302
10 1 391677
29 34 689746
9 7 421037
4 11 167539
6 3 270687
33 30 550983
31 34 531084
9 12 727017
33 31 182234
29 25 336734
27 35 1073
29 28 15130
13 19 57691
33 32 967593
5 2 239887
29 27 106825
14 23 115745
35 33 844735
22 18 585658
29 36 858635
35 34 112144
20 18 784808
30 25 8752
21 16 38508
1 4 597261
30 36 869521
2 3 187586
26 36 260709
32 35 440048
22 21 310983
15 13 16785
34 25 783452
25 36 695085
9 11 860179
