32 240
7 10 174359
27 24 332789
22 18 646841
13 7 27680
8 1 415494
20 21 119552
32 26 348637
20 17 23713
10 9 243614
31 29 368094
6 10 724506
6 1 510345
12 13 499963
29 25 686139
26 23 760612
4 9 415088
27 19 280770
10 13 783915
32 28 26467
6 15 882223
22 28 39340
18 30 869183
21 17 509199
23 20 697037
1 12 224807
22 26 249754
17 29 608943
25 32 832642
13 2 298375
15 1 329299
11 3 617952
9 3 645160
6 5 967318
23 18 84443
3 7 756740
15 12 658167
4 11 466588
20 28 966173
13 16 470863
27 31 851619
10 12 685219
10 5 278359
9 6 869655
31 17 315695
8 15 633990
9 7 8361
8 11 33686
29 27 987153
25 30 447009
20 29 111798
14 4 321020
26 27 971649
23 19 360084
17 25 680141
25 19 208962
24 28 347077
6 2 170435
18 17 112679
14 12 894980
22 23 143467
19 22 335400
29 28 611682
19 26 322737
24 22 131378
5 14 910400
14 8 201762
27 20 977604
6 7 915950
30 21 424649
32 29 236190
8 13 865626
21 19 207782
3 13 99183
28 23 258893
20 24 236796
20 32 224964
17 30 663922
15 14 646045
28 26 568682
32 22 258081
32 19 258456
4 15 874897
11 12 886390
22 17 163070
9 11 333419
25 21 311982
21 29 35591
26 29 991935
10 11 314851
14 2 511891
17 19 960268
30 22 606688
30 32 792539
7 15 499875
30 23 16740
5 7 734344
9 12 881414
10 2 562607
27 21 541623
1 14 998741
3 14 937630
5 13 923756
16 2 410754
19 20 724977
27 28 339860
11 14 673686
18 20 735067
31 28 849337
15 11 434860
4 8 397860
9 15 793909
25 24 999461
22 21 198560
10 15 322094
6 16 948944
3 12 777239
7 2 433913
13 15 344421
24 30 487533
31 20 806307
17 27 769731
2 12 673845
21 23 501569
5 15 135900
16 8 876262
3 5 515704
4 10 655347
4 7 69265
11 13 288116
17 24 996851
9 16 572993
31 30 36
24 18 646901
19 29 215501
26 24 900979
17 32 103074
10 3 397287
24 19 798366
10 14 55476
10 1 103732
25 28 286733
6 11 759784
9 13 761897
2 4 730454
17 26 705986
7 11 449103
5 4 150000
1 11 444703
9 5 205218
25 22 354157
5 16 150774
15 3 367237
18 21 738064
13 6 7396
9 14 621166
1 4 844851
27 18 8941
30 26 268709
12 7 230606
9 2 792718
4 3 786113
8 2 408060
29 22 929746
29 24 648997
12 6 307852
16 14 998543
31 26 323750
1 7 343814
31 21 222650
1 2 548119
32 24 200637
25 23 219672
20 22 581097
23 24 515751
25 31 496780
5 8 965625
21 32 915789
26 18 870591
14 7 192693
16 4 699050
16 3 139111
1 9 973859
1 16 607778
9 8 112762
7 8 514816
27 23 541208
25 18 85895
4 13 659375
8 12 783523
20 25 446819
21 28 541037
6 14 627883
17 28 786811
30 20 944942
25 26 382119
3 2 419617
30 27 152613
21 24 284033
3 6 752323
18 32 130774
5 12 21876
5 11 972308
3 1 345832
12 16 389380
5 2 447207
11 2 196401
12 4 935286
19 18 726247
23 31 86420
18 29 533642
27 25 941363
2 15 219856
16 10 294321
18 31 657426
29 23 311188
30 28 487340
27 32 715676
31 32 27206
26 21 407572
1 5 288597
31 19 179136
22 31 739430
23 32 590291
13 14 150417
3 8 587094
15 16 324904
13 1 349566
23 17 2353
26 20 600874
30 29 931568
7 16 126873
6 8 959712
24 31 791770
28 19 241703
30 19 384051
6 4 340676
11 16 378309
27 22 824277
28 18 264369
10 8 165459
