36 250
15 18 1
16 26 1
12 13 0
13 10 0
15 23 1
36 15 1
15 24 0
20 31 0
10 9 0
36 24 0
22 23 1
31 21 0
33 24 1
35 17 0
15 26 0
12 10 1
36 32 1
14 9 0
24 28 1
32 30 1
29 24 0
21 36 0
20 29 0
32 19 1
32 17 1
23 18 0
16 29 1
25 32 0
33 21 0
11 10 1
21 22 1
31 28 1
25 36 1
30 34 0
25 16 1
19 22 0
34 36 1
34 25 0
28 34 0
28 23 1
31 26 0
31 32 0
15 32 1
30 24 0
22 27 0
36 31 1
23 31 1
28 26 1
29 28 0
19 15 1
24 16 1
24 23 0
14 10 1
22 18 1
32 20 0
18 21 1
17 28 0
16 17 0
15 25 1
15 27 0
22 26 0
31 15 1
15 21 0
36 29 0
30 17 0
30 21 0
19 36 1
28 25 1
32 35 1
19 16 1
27 18 0
23 21 1
16 28 0
17 24 0
21 16 1
18 34 0
25 30 0
29 17 1
18 31 0
33 22 0
17 25 1
18 28 0
17 20 0
29 30 1
5 6 0
36 33 1
26 20 1
23 33 1
4 3 0
21 20 1
20 34 1
25 20 0
34 23 0
23 32 0
36 18 0
33 17 1
20 27 0
14 11 1
27 26 0
34 33 0
36 22 0
29 18 0
30 35 1
28 21 0
17 26 1
24 18 1
19 24 0
27 17 0
16 15 1
29 23 0
20 30 0
18 33 1
24 20 1
23 36 1
29 34 0
12 9 0
28 33 1
23 27 0
24 34 1
30 16 1
19 33 0
28 32 1
12 11 0
36 27 0
28 27 0
18 17 1
33 30 1
30 27 1
20 28 0
18 19 1
16 34 1
22 28 1
26 34 0
27 19 1
33 16 0
15 22 1
35 19 0
31 29 0
29 19 1
27 31 0
2 1 0
26 35 0
21 25 1
15 33 1
30 19 1
28 30 1
28 35 0
35 29 0
31 25 1
35 16 0
27 29 0
21 29 1
26 18 0
36 20 1
31 22 1
35 33 0
17 34 0
30 26 0
26 21 1
23 19 0
20 15 1
29 26 1
31 35 1
33 20 1
17 19 0
26 33 1
7 8 1
30 15 0
34 21 0
22 20 1
22 17 0
16 23 0
23 17 0
26 24 0
21 32 1
19 20 0
33 27 0
28 15 0
35 23 1
13 14 1
18 32 0
34 27 1
22 24 0
21 17 1
20 35 0
33 32 1
36 26 0
24 25 1
29 32 1
16 20 1
34 19 0
35 24 1
33 31 1
35 15 1
23 25 0
21 27 0
26 32 0
25 27 1
11 13 0
35 27 0
24 21 0
22 34 0
22 29 0
33 25 1
18 20 1
28 19 0
16 22 0
26 25 0
30 23 1
32 22 0
34 31 1
32 34 0
17 15 0
17 36 0
35 36 0
19 25 1
24 31 1
17 31 0
12 14 0
30 18 0
35 21 0
34 35 1
16 31 1
16 27 0
30 31 1
22 25 1
26 23 0
30 22 0
36 30 0
32 27 0
35 18 1
28 36 0
13 9 1
18 16 0
33 29 1
19 31 0
19 26 1
25 29 0
24 32 1
21 19 1
22 35 0
18 25 1
16 36 1
16 32 0
23 20 1
27 24 0
15 29 0
25 35 1
11 9 0
15 34 1
