36 250
27 21 0
20 19 1
23 26 1
15 24 0
10 13 1
34 33 0
18 20 0
24 16 1
21 30 0
26 28 0
19 30 1
16 22 0
18 30 1
26 34 1
15 25 0
33 18 0
24 27 1
31 16 1
34 19 1
23 28 1
20 22 1
15 22 1
29 15 0
16 25 1
28 19 0
35 27 1
29 27 1
13 14 1
33 27 1
36 19 0
26 17 0
29 24 0
21 25 1
19 22 0
24 20 1
28 24 0
22 31 1
33 17 1
24 33 1
30 33 0
19 15 1
16 36 0
11 13 1
22 26 0
19 32 1
19 24 0
35 21 0
34 28 0
36 28 1
25 33 1
12 10 1
36 21 1
16 15 1
25 19 1
31 24 1
19 18 0
18 15 1
31 28 1
24 25 0
10 11 1
11 9 1
5 6 0
7 8 1
28 17 1
15 34 1
15 17 0
18 17 1
26 21 0
29 18 0
32 28 0
28 27 0
18 16 0
24 21 1
35 15 0
19 26 1
25 22 0
22 30 0
19 33 0
31 32 0
22 35 0
22 23 1
33 32 1
27 23 0
26 24 0
16 35 1
25 26 1
25 35 1
36 27 1
23 16 0
19 17 1
24 18 0
29 36 0
17 24 0
20 35 0
28 22 0
31 18 0
20 15 1
35 23 1
26 30 1
35 36 1
24 22 0
17 34 0
28 15 1
31 27 0
20 21 1
11 12 0
26 18 1
28 30 1
29 28 1
25 23 0
23 30 0
35 29 1
36 17 0
32 20 1
9 10 0
14 11 0
26 29 0
15 21 1
31 29 1
32 21 1
20 34 0
28 16 1
17 27 1
28 21 1
29 23 1
30 36 0
36 15 0
31 25 0
3 4 0
19 21 1
32 29 1
35 32 1
28 20 1
15 31 0
20 31 0
28 33 1
27 22 0
30 31 1
14 10 0
32 22 0
26 35 1
30 25 1
23 31 0
31 17 0
33 15 0
25 36 1
29 17 1
15 26 0
9 14 1
23 24 1
30 35 1
26 31 1
13 12 0
32 25 0
26 27 0
30 15 0
22 17 1
22 34 1
21 18 0
23 34 1
21 33 1
25 20 1
20 36 1
20 16 0
17 30 1
29 30 0
19 16 0
36 18 1
24 30 1
32 24 1
36 33 1
29 20 1
35 31 1
30 16 1
28 25 0
16 27 0
31 19 0
23 17 0
34 27 0
36 22 0
16 33 0
20 23 1
34 36 0
18 27 0
34 31 1
33 23 0
34 35 0
20 27 1
32 30 0
34 16 0
12 9 0
17 20 1
26 32 1
23 19 0
27 30 0
19 35 0
34 18 0
17 35 0
27 32 1
17 25 0
27 19 0
22 29 0
34 25 1
18 32 1
21 17 1
31 33 0
28 18 1
29 19 0
20 33 1
18 25 1
36 31 0
23 15 1
36 32 1
29 21 1
29 34 1
36 23 0
1 2 0
32 23 1
21 23 0
14 12 1
22 21 1
32 17 1
20 26 0
33 29 0
9 13 1
26 33 1
21 34 0
30 34 1
23 18 1
16 29 1
17 16 1
34 32 0
15 32 1
20 30 0
24 36 0
24 34 0
18 35 1
26 36 1
33 22 1
25 29 0
16 21 0
25 27 0
15 27 0
31 21 0
18 22 1
33 35 1
16 32 1
35 28 0
26 16 1
24 35 1
