36 250
30 32 1
15 23 0
30 23 0
21 30 0
17 26 0
19 29 0
26 27 1
35 31 0
23 19 0
30 19 1
28 18 0
33 25 1
19 24 1
27 16 0
18 25 1
15 17 0
25 32 0
31 33 0
22 30 0
36 35 1
36 21 0
36 33 0
33 29 1
27 15 0
33 26 1
15 30 1
19 28 1
17 27 0
19 33 1
19 21 0
30 36 0
23 26 0
22 36 0
18 35 1
28 22 0
28 26 1
10 11 1
30 34 0
30 25 0
26 21 1
20 33 1
26 29 1
19 25 1
12 10 1
23 29 1
31 19 1
22 16 0
32 31 0
23 20 1
22 18 1
15 16 1
34 24 0
12 13 0
22 23 0
24 20 0
18 30 1
18 19 0
12 14 0
26 15 0
24 16 1
20 36 1
29 25 1
29 24 0
32 19 1
9 14 1
15 31 0
27 22 1
29 18 1
20 18 0
28 32 0
29 34 0
22 20 1
18 17 1
22 24 0
21 24 0
36 26 0
33 32 1
16 34 0
22 34 0
5 6 1
9 13 0
15 36 0
34 23 0
20 16 0
32 15 0
20 21 0
34 27 0
28 15 1
16 18 0
28 36 1
14 11 1
30 27 0
18 33 1
15 19 0
14 13 0
33 28 1
20 26 0
36 19 1
24 27 0
24 25 1
25 15 0
27 23 0
28 35 1
29 28 1
20 27 1
12 11 0
16 25 0
16 17 0
17 23 0
15 24 0
28 16 0
21 15 0
25 28 0
20 31 0
30 31 1
32 35 1
24 17 1
35 19 0
34 21 0
14 10 1
10 9 1
20 34 1
24 23 1
30 26 0
15 33 0
35 27 0
31 34 1
25 20 0
21 22 1
32 20 1
16 26 0
35 34 1
18 24 1
18 21 1
21 29 0
27 36 1
22 19 0
33 17 0
33 35 1
26 24 1
23 16 1
28 20 1
32 24 1
31 26 0
33 23 1
11 9 1
23 32 0
36 23 1
27 29 0
18 26 1
21 16 0
21 23 0
22 17 0
30 20 0
25 21 1
25 31 1
33 27 1
33 21 0
36 17 0
17 32 0
23 31 0
27 28 0
36 24 0
19 34 1
35 26 0
17 28 1
16 31 1
32 34 1
28 30 1
25 22 0
7 8 0
15 34 0
26 34 0
35 22 0
18 36 1
19 26 0
20 15 0
36 34 1
31 28 1
16 33 1
30 29 0
17 25 1
18 23 0
32 21 0
29 15 1
16 36 1
16 30 0
31 24 1
36 29 0
36 31 1
30 24 0
33 24 1
25 27 0
19 27 0
2 1 1
12 9 1
31 17 1
27 31 0
23 35 0
26 25 1
36 25 0
33 30 0
35 30 1
17 34 0
20 35 1
20 29 0
32 27 0
17 35 1
31 22 0
13 11 1
22 33 0
28 21 0
35 24 1
29 17 0
32 22 0
34 33 0
18 15 0
26 32 0
17 21 1
27 18 1
25 35 1
35 29 1
13 10 1
35 21 0
29 16 1
29 31 1
29 22 1
16 19 1
28 34 1
18 31 1
27 21 0
26 22 1
4 3 1
30 17 1
20 17 0
32 18 1
29 32 1
35 15 0
19 20 1
17 19 0
23 25 0
23 28 0
28 24 1
22 15 1
34 18 1
32 16 0
35 16 0
36 32 0
34 25 1
31 21 0
