36 250
30 29 28
15 18 23
36 33 28
20 34 21
25 17 10
34 15 18
10 12 20
19 34 39
26 20 26
20 17 14
29 22 24
34 23 9
28 31 5
22 16 21
36 30 2
32 16 35
36 35 34
19 28 12
31 30 31
33 20 12
32 17 22
17 27 2
17 15 33
22 26 23
35 17 28
33 28 23
32 23 18
21 33 1
18 33 30
17 24 25
34 24 18
27 20 27
30 32 1
32 26 6
22 20 25
22 19 18
29 24 38
13 12 3
9 11 14
36 19 27
34 33 34
9 13 17
36 24 35
28 29 11
30 24 9
18 24 40
20 31 19
26 15 16
29 26 4
27 31 35
16 33 2
34 28 32
14 10 11
35 25 36
11 13 31
33 22 18
15 19 30
26 17 21
36 17 40
22 21 38
27 34 5
32 24 15
21 17 14
27 26 15
19 24 16
22 23 24
26 34 27
22 36 30
26 33 33
18 27 24
17 34 10
33 29 3
23 18 33
34 16 30
6 5 34
33 35 13
28 32 30
24 20 9
16 24 9
16 26 12
9 12 38
20 29 36
33 23 7
3 4 24
21 32 20
18 29 10
34 30 11
19 27 38
22 34 39
15 27 31
30 25 30
23 31 4
18 22 15
31 34 21
27 22 34
22 35 40
27 25 10
30 26 38
33 31 40
19 26 16
17 19 30
23 20 4
19 29 40
31 21 7
22 28 17
22 25 38
25 23 40
25 21 12
26 23 21
30 17 39
31 26 23
21 18 40
25 24 27
15 35 5
11 10 3
20 19 18
15 30 3
36 25 9
27 35 20
24 33 35
32 29 33
24 27 28
36 32 12
16 30 39
31 17 35
26 21 36
25 28 29
31 29 23
31 32 19
30 28 3
20 28 11
33 15 17
25 33 9
12 14 2
14 11 30
36 27 18
35 16 13
34 32 16
14 9 12
25 16 38
31 35 25
21 34 2
29 16 31
21 19 16
21 16 4
28 36 39
15 20 33
24 31 20
29 15 35
23 16 16
31 18 28
27 28 29
20 30 31
13 14 10
22 30 6
35 30 34
21 15 11
16 31 24
22 32 3
36 18 22
20 18 38
33 27 10
10 13 6
23 28 16
19 23 20
21 20 30
35 29 12
35 28 4
7 8 36
18 16 12
19 18 6
34 25 2
15 24 37
35 34 38
16 17 9
25 29 36
18 17 31
24 21 31
17 22 11
25 20 29
30 21 12
25 26 23
33 32 24
28 21 27
23 30 12
15 31 30
17 29 20
15 36 11
35 19 12
19 25 5
27 23 27
19 31 18
19 33 36
24 23 1
25 31 32
26 18 19
28 18 32
23 35 8
16 27 21
18 30 30
28 26 32
36 29 1
19 16 2
26 24 9
29 27 11
21 27 36
32 27 5
20 32 35
36 26 19
28 24 1
15 23 11
16 20 12
34 29 24
2 1 21
35 21 4
9 10 36
34 36 38
35 20 21
28 17 11
31 36 21
18 32 35
17 33 31
29 23 31
34 18 35
32 35 10
15 32 40
35 26 2
28 16 36
17 23 38
27 30 13
32 25 14
22 31 18
19 32 8
29 21 1
16 15 10
15 22 4
23 36 28
25 18 6
33 30 30
16 36 13
21 23 13
20 36 39
11 12 25
21 36 35
35 24 6
35 18 24
22 24 35
19 30 34
15 28 14
25 15 32
