36 250
28 36 7
34 23 1
35 25 9
22 15 10
25 31 20
19 21 20
19 24 4
35 26 21
30 33 40
32 34 25
25 17 11
17 30 23
15 20 16
14 12 0
26 30 12
29 23 30
26 17 36
21 20 20
28 30 37
16 36 16
19 31 9
24 17 24
4 3 30
35 28 3
17 16 23
20 35 9
25 15 20
31 34 37
10 11 38
34 36 14
23 27 34
20 26 18
36 17 36
15 35 27
19 16 32
27 18 9
18 33 19
23 16 3
35 32 39
20 34 23
31 33 13
15 24 39
23 17 6
34 35 20
25 19 39
26 28 7
25 16 7
26 29 38
34 26 22
28 16 25
27 29 28
34 17 32
33 27 15
25 30 35
23 33 14
20 18 4
31 23 4
29 17 3
32 33 31
15 21 15
22 18 33
25 24 3
17 31 14
20 28 35
21 25 2
28 31 35
15 18 39
9 10 11
23 18 15
33 29 5
24 32 38
27 19 32
19 20 28
16 27 36
22 24 30
31 35 5
22 16 27
19 34 10
22 20 16
22 23 0
16 24 38
24 26 15
10 13 15
29 28 11
11 13 30
31 22 24
34 24 7
11 9 39
20 33 17
34 22 11
19 17 15
26 15 31
34 28 35
31 18 40
32 23 31
33 15 34
30 36 5
22 33 14
28 22 30
29 16 0
28 27 1
18 32 16
36 31 23
36 24 2
22 25 5
34 21 34
33 26 11
30 27 13
23 30 2
19 28 27
29 15 27
23 36 17
29 20 24
29 19 39
36 35 12
25 36 20
24 28 3
21 32 25
30 15 22
30 16 19
21 36 14
31 20 24
29 31 11
1 2 22
31 16 33
27 17 4
21 29 15
34 18 28
24 35 18
16 35 18
24 31 6
21 27 40
15 31 4
18 19 26
29 36 19
12 10 11
33 17 28
19 30 31
25 28 20
35 23 8
17 35 0
24 29 14
15 32 15
20 30 0
18 25 6
28 33 8
26 36 20
32 29 18
27 26 0
26 25 19
16 33 30
18 24 36
33 21 34
22 27 5
30 18 10
26 32 33
16 20 33
32 25 26
30 24 13
15 34 18
23 21 14
15 36 10
29 18 12
19 26 21
30 21 31
27 32 39
28 21 4
31 32 29
22 30 4
9 14 30
13 12 39
21 18 28
30 32 12
33 25 9
26 21 13
15 23 24
28 23 14
16 21 0
16 15 22
29 35 40
21 35 17
27 20 25
23 26 18
36 22 24
22 29 18
19 22 32
20 17 21
14 13 29
35 30 19
34 27 35
18 36 33
36 20 32
19 35 9
26 18 18
10 14 29
17 21 25
34 16 11
22 32 3
17 18 2
35 27 38
29 34 8
30 34 25
16 26 5
31 30 19
28 17 31
15 27 36
19 15 20
25 20 18
33 36 38
32 36 40
35 22 31
26 31 7
32 28 8
32 17 18
19 23 35
11 14 14
24 33 11
25 27 7
11 12 23
35 18 7
25 29 5
22 21 15
28 15 34
24 27 40
29 30 6
25 34 1
25 23 13
7 8 35
31 27 35
22 17 22
12 9 23
17 15 33
32 20 14
32 19 5
36 27 7
23 20 31
32 16 6
16 18 8
22 26 19
20 24 6
31 21 19
24 21 22
19 33 16
13 9 30
36 19 22
5 6 30
34 33 28
18 28 33
35 33 3
23 24 8
