36 250
22 34 3
33 18 17
29 26 18
27 33 19
36 24 22
31 29 16
19 34 29
30 36 0
15 35 9
24 23 9
31 35 30
17 22 12
18 16 22
35 20 1
34 25 15
27 29 2
22 31 34
21 34 23
27 25 36
25 20 17
17 35 37
21 26 25
12 9 0
27 32 38
17 33 4
25 19 37
11 12 23
35 25 14
32 25 30
35 27 4
35 23 3
29 16 6
28 16 14
11 10 29
31 36 16
19 17 12
32 19 27
33 21 0
31 33 0
35 32 27
22 28 28
31 20 40
21 28 28
32 21 39
15 25 9
23 16 29
13 12 14
35 34 9
27 26 10
18 21 18
24 33 40
28 30 28
14 10 22
22 20 0
17 24 3
25 33 4
23 25 30
15 26 20
29 36 25
32 34 31
35 24 5
17 23 20
35 22 12
16 35 11
17 15 17
23 34 6
28 33 2
17 16 38
30 33 11
33 22 15
10 12 17
17 20 22
31 25 31
14 13 36
15 29 40
15 19 8
24 31 8
21 19 25
24 21 16
27 24 13
27 16 28
20 32 27
17 34 30
26 16 8
18 29 5
36 34 0
22 29 7
14 11 40
17 28 11
23 32 16
16 24 3
25 30 35
32 28 26
15 28 12
22 19 25
24 32 36
27 20 26
17 26 12
26 19 27
21 15 38
29 21 16
20 30 9
20 23 20
31 28 14
1 2 13
13 11 33
21 17 36
13 10 22
16 32 22
30 18 14
29 24 18
28 26 4
15 20 20
20 16 14
35 21 7
29 28 11
17 27 15
16 21 6
33 29 19
33 35 33
17 31 5
28 23 13
18 24 26
27 19 3
27 15 26
25 29 16
18 23 15
17 25 28
21 30 34
33 32 39
36 32 4
24 15 25
17 36 5
27 18 14
33 26 5
23 19 31
21 36 35
34 31 24
19 30 38
36 27 11
26 23 12
29 19 21
28 36 7
30 24 29
19 18 27
17 30 40
16 15 36
17 29 33
24 20 17
28 34 27
36 25 35
26 20 23
22 27 20
15 23 38
30 15 3
22 21 15
19 28 24
32 26 15
12 14 33
18 28 17
24 34 13
17 18 0
33 15 6
20 19 21
28 20 15
31 32 14
13 9 25
35 26 38
24 19 14
32 17 18
24 28 7
24 26 30
20 29 23
30 27 8
22 26 35
31 26 27
35 36 30
14 9 10
26 30 12
22 16 23
9 10 32
33 36 19
23 27 38
4 3 40
28 25 24
23 29 38
15 31 9
24 25 29
18 22 23
20 21 21
23 22 38
35 30 33
34 30 31
23 36 22
16 34 37
27 21 30
30 31 21
34 18 17
26 34 27
23 21 18
6 5 39
34 15 2
31 23 0
23 33 17
18 26 20
36 26 28
22 32 35
36 18 6
15 32 8
11 9 35
19 16 25
33 20 28
33 34 12
15 22 40
20 34 30
34 29 38
25 18 13
15 36 15
30 32 25
18 15 15
35 19 18
34 27 39
31 27 27
31 21 33
22 25 13
16 25 26
25 21 21
16 30 5
30 22 4
16 31 32
18 20 12
26 25 6
16 36 11
28 27 23
29 32 19
35 29 5
24 22 27
36 19 20
16 33 3
30 23 20
20 36 7
8 7 37
35 28 29
19 31 29
36 22 37
19 33 27
30 29 6
32 18 25
31 18 4
35 18 36
