36 250
29 35 1000000
27 16 1000000
9 12 1000000
31 32 999999
32 17 1000000
28 32 1000000
33 26 1000000
17 31 1000000
29 28 1000000
15 35 1000000
9 14 1000000
36 26 1000000
27 33 1000000
29 20 1000000
31 20 1000000
15 27 1000000
19 36 1000000
31 36 1000000
34 26 1000000
4 3 999999
19 26 1000000
10 11 1000000
18 24 1000000
19 25 1000000
28 26 1000000
30 28 1000000
30 35 1000000
19 17 1000000
15 22 1000000
16 24 1000000
24 30 1000000
35 27 1000000
10 14 1000000
20 36 1000000
30 23 1000000
18 27 1000000
31 24 1000000
26 24 1000000
30 17 1000000
20 21 1000000
33 29 1000000
34 18 1000000
19 30 1000000
29 34 1000000
21 28 1000000
29 17 1000000
31 33 1000000
8 7 999999
33 23 1000000
25 32 1000000
36 18 1000000
28 31 1000000
26 22 1000000
5 6 999999
29 24 1000000
31 23 1000000
35 25 1000000
32 36 1000000
32 16 1000000
22 19 1000000
31 35 1000000
34 23 1000000
11 13 1000000
34 28 1000000
16 36 1000000
23 21 1000000
18 23 1000000
36 24 1000000
27 36 1000000
17 27 1000000
27 23 1000000
23 22 1000000
21 16 1000000
18 25 1000000
15 33 1000000
27 20 1000000
25 16 1000000
25 28 1000000
34 31 1000000
16 34 1000000
23 20 1000000
24 35 1000000
18 33 1000000
30 33 1000000
16 31 1000000
18 32 1000000
17 15 1000000
31 15 1000000
22 25 1000000
11 9 1000000
28 17 1000000
20 16 1000000
19 24 1000000
20 17 1000000
1 2 999999
10 9 999999
32 29 1000000
17 33 1000000
15 34 1000000
17 21 1000000
32 19 1000000
32 23 1000000
20 35 1000000
20 28 1000000
34 20 1000000
17 18 999999
25 36 1000000
18 20 1000000
35 18 1000000
21 25 1000000
34 25 1000000
30 20 1000000
22 18 1000000
34 33 999999
16 35 1000000
14 11 1000000
22 29 1000000
24 20 1000000
27 22 1000000
30 34 1000000
21 29 1000000
19 23 1000000
16 30 1000000
20 22 1000000
23 15 1000000
34 27 1000000
34 35 1000000
23 36 1000000
34 21 1000000
35 21 1000000
28 27 999999
23 28 1000000
29 23 1000000
28 36 1000000
17 25 1000000
32 15 1000000
15 24 1000000
21 19 1000000
25 23 1000000
18 31 1000000
31 29 1000000
15 21 1000000
21 30 1000000
18 29 1000000
20 19 999999
26 23 1000000
29 19 1000000
23 24 999999
36 35 999999
17 24 1000000
24 22 1000000
21 32 1000000
32 35 1000000
28 16 1000000
19 18 1000000
20 33 1000000
20 25 1000000
36 22 1000000
11 12 999999
18 21 1000000
22 28 1000000
16 23 1000000
26 31 1000000
24 34 1000000
15 16 999999
36 21 1000000
19 35 1000000
23 17 1000000
12 10 1000000
15 26 1000000
22 31 1000000
31 19 1000000
25 26 999999
32 30 1000000
31 21 1000000
34 17 1000000
22 33 1000000
36 34 1000000
27 26 1000000
13 14 999999
28 19 1000000
16 29 1000000
30 31 1000000
27 19 1000000
34 32 1000000
32 20 1000000
26 32 1000000
28 35 1000000
27 32 1000000
20 26 1000000
35 26 1000000
24 33 1000000
26 21 1000000
21 24 1000000
29 26 1000000
25 24 1000000
12 13 1000000
33 25 1000000
17 22 1000000
24 32 1000000
27 21 1000000
35 22 1000000
29 30 999999
25 29 1000000
25 15 1000000
13 10 1000000
29 27 1000000
15 28 1000000
12 14 1000000
34 19 1000000
30 26 1000000
22 21 999999
26 16 1000000
15 20 1000000
33 21 1000000
35 23 1000000
33 16 1000000
15 19 1000000
32 22 1000000
33 28 1000000
17 36 1000000
27 31 1000000
15 30 1000000
18 26 1000000
35 17 1000000
18 16 1000000
36 30 1000000
16 17 1000000
13 9 1000000
33 19 1000000
28 24 1000000
32 33 1000000
22 34 1000000
27 30 1000000
18 15 1000000
27 24 1000000
15 29 1000000
22 30 1000000
16 22 1000000
27 25 1000000
18 28 1000000
29 36 1000000
19 16 1000000
18 30 1000000
15 36 1000000
26 17 1000000
33 36 1000000
31 25 1000000
25 30 1000000
33 35 1000000
