36 250
25 30 1000000
31 18 1000000
19 32 1000000
33 17 1000000
16 25 1000000
31 16 1000000
19 24 1000000
17 23 1000000
18 29 1000000
22 25 1000000
32 16 1000000
19 31 1000000
20 33 1000000
15 35 1000000
32 28 1000000
28 21 1000000
36 27 1000000
21 33 1000000
33 29 1000000
21 18 1000000
14 12 1000000
36 32 1000000
30 20 1000000
26 16 1000000
31 20 1000000
28 17 1000000
26 27 1000000
24 23 999999
16 30 1000000
28 24 1000000
22 32 1000000
33 30 1000000
9 10 999999
20 34 1000000
29 32 1000000
31 25 1000000
35 20 1000000
29 28 1000000
19 34 1000000
31 26 1000000
20 16 1000000
35 16 1000000
36 18 1000000
26 19 1000000
35 33 1000000
24 36 1000000
22 21 999999
21 27 1000000
22 28 1000000
10 12 1000000
11 12 999999
28 19 1000000
24 25 1000000
32 35 1000000
36 34 1000000
22 31 1000000
24 31 1000000
17 24 1000000
30 19 1000000
27 15 1000000
33 19 1000000
19 20 999999
26 32 1000000
28 18 1000000
30 28 1000000
32 15 1000000
34 24 1000000
25 34 1000000
22 34 1000000
17 34 1000000
23 34 1000000
31 36 1000000
29 27 1000000
32 23 1000000
33 26 1000000
5 6 999999
35 23 1000000
15 22 1000000
17 16 1000000
19 29 1000000
17 15 1000000
36 25 1000000
14 10 1000000
36 35 999999
25 28 1000000
22 26 1000000
36 21 1000000
24 22 1000000
20 25 1000000
30 21 1000000
31 35 1000000
30 34 1000000
26 17 1000000
19 15 1000000
19 17 1000000
15 33 1000000
27 34 1000000
33 24 1000000
22 16 1000000
25 15 1000000
15 29 1000000
29 23 1000000
14 13 999999
35 22 1000000
30 17 1000000
29 30 999999
21 20 1000000
18 15 1000000
36 30 1000000
22 20 1000000
23 28 1000000
14 9 1000000
24 29 1000000
28 16 1000000
11 10 1000000
32 25 1000000
17 27 1000000
36 15 1000000
29 21 1000000
32 31 999999
17 31 1000000
31 34 1000000
27 33 1000000
9 12 1000000
20 29 1000000
34 33 999999
32 30 1000000
31 27 1000000
13 10 1000000
16 21 1000000
30 26 1000000
24 20 1000000
35 17 1000000
13 12 1000000
24 18 1000000
9 13 1000000
23 30 1000000
11 13 1000000
33 32 1000000
19 21 1000000
16 18 1000000
22 29 1000000
21 32 1000000
26 29 1000000
34 32 1000000
31 33 1000000
15 30 1000000
30 27 1000000
23 19 1000000
25 33 1000000
36 33 1000000
34 28 1000000
35 25 1000000
32 24 1000000
16 29 1000000
22 19 1000000
20 23 1000000
33 22 1000000
31 21 1000000
20 27 1000000
32 18 1000000
25 27 1000000
19 16 1000000
31 30 1000000
8 7 999999
26 20 1000000
35 29 1000000
33 18 1000000
34 16 1000000
23 26 1000000
25 23 1000000
26 28 1000000
19 36 1000000
17 18 999999
27 18 1000000
35 21 1000000
20 36 1000000
11 14 1000000
23 27 1000000
24 35 1000000
36 17 1000000
33 16 1000000
31 29 1000000
36 23 1000000
26 15 1000000
18 30 1000000
28 15 1000000
22 30 1000000
25 18 1000000
36 22 1000000
32 27 1000000
25 26 999999
27 22 1000000
27 19 1000000
30 24 1000000
23 22 1000000
36 26 1000000
28 27 999999
34 15 1000000
26 35 1000000
26 24 1000000
15 16 999999
25 17 1000000
26 18 1000000
24 16 1000000
33 28 1000000
15 21 1000000
17 22 1000000
18 34 1000000
32 17 1000000
28 36 1000000
23 15 1000000
23 31 1000000
15 31 1000000
1 2 999999
32 20 1000000
3 4 999999
17 29 1000000
21 25 1000000
28 20 1000000
20 17 1000000
24 21 1000000
21 26 1000000
25 29 1000000
21 34 1000000
36 29 1000000
16 27 1000000
19 35 1000000
34 35 1000000
21 17 1000000
18 35 1000000
23 33 1000000
9 11 1000000
19 18 1000000
21 23 1000000
24 27 1000000
26 34 1000000
23 16 1000000
20 18 1000000
36 16 1000000
35 27 1000000
19 25 1000000
15 20 1000000
31 28 1000000
22 18 1000000
30 35 1000000
34 29 1000000
24 15 1000000
28 35 1000000
18 23 1000000
