36 250
18 24 1000000
10 11 1000000
21 20 1000000
17 33 1000000
34 21 1000000
23 32 1000000
17 20 1000000
11 13 1000000
32 31 999999
20 28 1000000
32 25 1000000
28 34 1000000
22 18 1000000
36 32 1000000
19 21 1000000
31 22 1000000
15 17 1000000
29 17 1000000
26 17 1000000
25 19 1000000
33 25 1000000
19 26 1000000
32 35 1000000
25 34 1000000
7 8 999999
18 36 1000000
29 21 1000000
35 25 1000000
26 23 1000000
29 28 1000000
35 26 1000000
22 17 1000000
17 24 1000000
33 15 1000000
18 17 999999
21 35 1000000
33 22 1000000
32 16 1000000
21 26 1000000
18 16 1000000
17 30 1000000
25 26 999999
27 30 1000000
24 35 1000000
34 33 999999
9 11 1000000
25 28 1000000
4 3 999999
34 17 1000000
30 32 1000000
31 26 1000000
15 23 1000000
17 21 1000000
25 22 1000000
36 33 1000000
18 19 1000000
29 33 1000000
29 18 1000000
9 13 1000000
16 31 1000000
20 36 1000000
12 11 999999
23 31 1000000
28 21 1000000
28 24 1000000
26 33 1000000
16 27 1000000
24 16 1000000
18 32 1000000
22 16 1000000
26 32 1000000
10 13 1000000
30 25 1000000
32 21 1000000
24 25 1000000
36 34 1000000
23 16 1000000
19 36 1000000
36 25 1000000
36 21 1000000
27 33 1000000
22 30 1000000
29 26 1000000
30 18 1000000
20 15 1000000
27 17 1000000
36 23 1000000
28 22 1000000
20 23 1000000
34 18 1000000
15 29 1000000
30 20 1000000
35 36 999999
28 19 1000000
20 31 1000000
30 26 1000000
25 27 1000000
18 28 1000000
22 21 999999
20 35 1000000
34 26 1000000
25 18 1000000
33 16 1000000
27 22 1000000
21 27 1000000
19 22 1000000
34 32 1000000
29 25 1000000
32 19 1000000
29 30 999999
31 33 1000000
27 29 1000000
27 24 1000000
36 27 1000000
17 36 1000000
14 11 1000000
30 19 1000000
21 23 1000000
32 20 1000000
30 31 1000000
35 16 1000000
26 16 1000000
5 6 999999
23 30 1000000
16 30 1000000
29 35 1000000
35 22 1000000
30 28 1000000
15 19 1000000
32 33 1000000
20 25 1000000
30 33 1000000
21 25 1000000
12 13 1000000
24 20 1000000
32 24 1000000
18 27 1000000
15 34 1000000
17 35 1000000
27 20 1000000
29 22 1000000
9 12 1000000
18 35 1000000
34 35 1000000
30 35 1000000
23 34 1000000
21 33 1000000
14 9 1000000
16 17 1000000
21 16 1000000
25 15 1000000
32 27 1000000
26 24 1000000
25 17 1000000
28 35 1000000
24 36 1000000
24 29 1000000
26 20 1000000
30 24 1000000
23 33 1000000
31 15 1000000
29 36 1000000
20 18 1000000
32 15 1000000
32 28 1000000
31 29 1000000
24 31 1000000
33 19 1000000
15 36 1000000
36 30 1000000
17 32 1000000
31 28 1000000
24 21 1000000
15 27 1000000
34 31 1000000
34 16 1000000
14 13 999999
34 29 1000000
14 12 1000000
28 36 1000000
19 23 1000000
23 27 1000000
31 21 1000000
23 25 1000000
34 27 1000000
1 2 999999
18 33 1000000
16 29 1000000
15 30 1000000
31 19 1000000
28 16 1000000
28 23 1000000
22 23 1000000
35 31 1000000
22 24 1000000
15 16 999999
17 19 1000000
24 15 1000000
35 33 1000000
28 33 1000000
31 17 1000000
29 19 1000000
31 25 1000000
24 33 1000000
23 24 999999
23 29 1000000
24 34 1000000
36 16 1000000
21 30 1000000
10 14 1000000
34 20 1000000
19 24 1000000
30 34 1000000
22 20 1000000
22 34 1000000
26 27 1000000
33 20 1000000
19 20 999999
18 21 1000000
19 34 1000000
15 35 1000000
15 26 1000000
15 28 1000000
29 32 1000000
27 28 999999
25 16 1000000
27 31 1000000
35 27 1000000
28 26 1000000
36 26 1000000
10 12 1000000
23 35 1000000
23 18 1000000
22 26 1000000
36 22 1000000
19 27 1000000
23 17 1000000
22 32 1000000
29 20 1000000
16 20 1000000
15 18 1000000
15 21 1000000
22 15 1000000
18 26 1000000
35 19 1000000
19 16 1000000
10 9 999999
31 18 1000000
28 17 1000000
36 31 1000000
