36 250
21 30 1
34 22 1
29 19 1
22 23 1
27 25 1
35 23 1
18 16 1
34 33 0
28 26 1
29 18 1
15 22 1
34 27 1
25 36 1
28 20 1
26 30 1
35 17 1
5 6 0
31 28 1
13 12 1
11 9 1
15 29 1
22 35 1
27 15 1
12 10 1
35 28 1
25 21 1
19 21 1
16 36 1
36 28 1
17 23 1
27 20 1
36 23 1
23 25 1
25 17 1
29 22 1
28 34 1
32 20 1
36 21 1
17 24 1
34 30 1
21 16 1
33 20 1
27 31 1
23 24 0
17 26 1
23 26 1
27 21 1
19 32 1
28 24 1
27 19 1
25 33 1
23 29 1
24 29 1
34 19 1
24 34 1
36 29 1
22 24 1
19 26 1
20 18 1
33 15 1
12 11 0
35 16 1
20 30 1
35 18 1
13 11 1
22 20 1
30 29 0
15 18 1
10 9 0
35 19 1
24 16 1
22 16 1
27 26 1
23 27 1
24 32 1
25 16 1
29 27 1
22 30 1
30 36 1
23 31 1
29 25 1
25 28 1
33 36 1
14 9 1
27 33 1
32 25 1
30 15 1
23 30 1
31 34 1
35 20 1
20 25 1
33 28 1
22 32 1
14 13 0
10 14 1
30 17 1
35 32 1
35 26 1
20 34 1
18 30 1
25 18 1
16 29 1
19 31 1
28 22 1
28 21 1
25 30 1
28 16 1
30 35 1
33 17 1
17 22 1
25 24 1
24 27 1
36 34 1
20 29 1
36 20 1
34 29 1
32 15 1
18 23 1
29 28 1
31 26 1
30 31 1
17 15 1
17 32 1
22 19 1
21 18 1
27 32 1
9 13 1
21 23 1
36 17 1
19 25 1
16 15 0
25 35 1
18 19 1
36 15 1
31 32 0
32 23 1
31 16 1
23 19 1
32 29 1
18 26 1
24 30 1
27 17 1
19 30 1
22 31 1
28 30 1
32 26 1
19 17 1
28 18 1
26 34 1
17 28 1
27 36 1
17 20 1
9 12 1
4 3 0
36 19 1
33 31 1
30 16 1
34 35 1
31 17 1
23 34 1
27 18 1
26 22 1
35 15 1
34 21 1
36 18 1
10 13 1
23 28 1
26 21 1
36 24 1
24 21 1
26 16 1
24 15 1
25 15 1
26 29 1
27 16 1
15 23 1
30 32 1
24 19 1
31 18 1
26 36 1
19 16 1
21 15 1
18 34 1
32 21 1
36 32 1
29 31 1
21 35 1
36 22 1
20 26 1
21 31 1
27 35 1
36 35 0
21 22 0
29 21 1
11 10 1
15 26 1
25 22 1
24 18 1
24 31 1
35 31 1
26 24 1
31 25 1
22 18 1
32 28 1
15 19 1
36 31 1
29 17 1
32 18 1
32 16 1
24 20 1
17 21 1
24 33 1
20 23 1
33 22 1
17 34 1
19 28 1
26 25 0
16 23 1
34 15 1
33 23 1
27 30 1
14 12 1
16 17 1
21 33 1
27 28 0
1 2 0
33 16 1
20 19 0
19 33 1
33 29 1
33 30 1
16 20 1
18 17 0
15 28 1
33 35 1
33 32 1
35 29 1
11 14 1
33 18 1
31 20 1
35 24 1
34 16 1
27 22 1
25 34 1
32 34 1
8 7 0
20 15 1
33 26 1
31 15 1
21 20 1
