36 250
25 23 1
36 21 1
16 15 0
2 1 0
35 30 1
34 17 1
24 19 1
21 25 1
28 24 1
36 35 0
25 15 1
34 26 1
22 33 1
26 23 1
28 19 1
9 11 1
32 28 1
28 15 1
32 16 1
15 30 1
23 34 1
21 20 1
15 22 1
29 28 1
29 20 1
26 18 1
23 36 1
18 19 1
28 22 1
21 33 1
34 18 1
33 16 1
34 21 1
30 19 1
16 31 1
26 24 1
26 31 1
9 13 1
6 5 0
36 16 1
35 19 1
35 25 1
25 34 1
20 24 1
27 34 1
35 24 1
36 20 1
30 33 1
24 16 1
27 26 1
24 22 1
27 22 1
20 30 1
26 33 1
18 21 1
21 17 1
24 30 1
9 10 0
25 32 1
33 36 1
17 18 0
36 34 1
27 18 1
19 33 1
24 34 1
31 29 1
31 35 1
17 33 1
20 16 1
30 22 1
16 23 1
31 27 1
34 32 1
29 21 1
35 15 1
12 14 1
35 34 1
21 23 1
29 17 1
19 29 1
4 3 0
30 18 1
18 22 1
27 17 1
33 15 1
31 17 1
22 19 1
26 19 1
15 29 1
35 21 1
7 8 0
30 27 1
15 17 1
28 34 1
25 26 0
31 36 1
32 30 1
21 27 1
23 32 1
35 17 1
14 11 1
22 29 1
16 34 1
24 23 0
31 25 1
30 26 1
35 26 1
36 24 1
24 29 1
16 26 1
30 21 1
28 25 1
19 36 1
22 36 1
18 31 1
28 17 1
34 20 1
17 16 1
30 25 1
22 34 1
33 20 1
18 28 1
33 32 1
15 24 1
25 22 1
25 20 1
19 32 1
33 31 1
29 26 1
32 20 1
27 28 0
18 33 1
22 26 1
23 17 1
26 28 1
18 16 1
20 22 1
26 21 1
16 28 1
15 23 1
25 16 1
16 22 1
20 15 1
25 24 1
25 33 1
20 31 1
32 36 1
29 18 1
20 27 1
34 31 1
22 21 0
32 35 1
35 16 1
32 24 1
19 15 1
36 25 1
22 23 1
16 29 1
27 25 1
21 32 1
36 18 1
28 23 1
12 9 1
23 31 1
24 27 1
27 33 1
35 18 1
13 12 1
28 21 1
13 11 1
10 12 1
25 18 1
24 31 1
26 32 1
35 33 1
29 30 0
32 27 1
24 18 1
20 19 0
20 17 1
13 14 0
17 24 1
15 32 1
35 23 1
32 31 0
29 33 1
13 10 1
16 30 1
25 17 1
36 27 1
17 22 1
25 29 1
28 20 1
36 26 1
15 36 1
34 15 1
30 28 1
18 23 1
31 21 1
19 16 1
21 19 1
29 27 1
15 27 1
26 15 1
30 31 1
30 36 1
18 32 1
14 9 1
23 19 1
16 27 1
24 33 1
11 10 1
35 20 1
12 11 0
16 21 1
10 14 1
26 17 1
35 27 1
17 32 1
21 15 1
21 24 1
17 30 1
22 35 1
33 34 0
18 15 1
28 33 1
34 19 1
29 36 1
29 35 1
25 19 1
29 34 1
28 35 1
23 30 1
30 34 1
17 19 1
29 23 1
19 27 1
31 19 1
36 17 1
31 28 1
15 31 1
31 22 1
23 20 1
23 27 1
20 18 1
20 26 1
22 32 1
28 36 1
29 32 1
33 23 1
