36 250
18 27 1
33 29 1
17 21 1
9 13 1
24 32 1
34 27 1
21 22 0
28 16 1
32 30 1
35 33 1
9 14 1
34 33 0
14 13 0
26 29 1
28 20 1
33 28 1
22 26 1
5 6 0
32 22 1
34 35 1
18 31 1
36 16 1
23 32 1
15 35 1
18 34 1
25 36 1
25 22 1
17 27 1
20 35 1
7 8 0
18 29 1
28 17 1
19 17 1
17 31 1
27 15 1
15 17 1
28 25 1
1 2 0
34 30 1
34 19 1
36 30 1
28 21 1
20 34 1
17 16 1
36 31 1
19 15 1
23 28 1
25 23 1
20 16 1
22 33 1
21 19 1
17 26 1
29 32 1
18 26 1
9 11 1
32 19 1
24 20 1
18 16 1
29 27 1
35 21 1
10 14 1
10 13 1
34 23 1
26 23 1
16 25 1
15 31 1
34 36 1
23 20 1
35 30 1
18 36 1
30 33 1
19 25 1
22 23 1
33 23 1
15 21 1
18 25 1
23 18 1
22 29 1
17 23 1
25 31 1
20 32 1
33 16 1
22 16 1
33 32 1
30 21 1
10 12 1
28 24 1
26 15 1
30 25 1
16 32 1
16 30 1
27 21 1
19 29 1
15 20 1
18 24 1
23 35 1
18 32 1
19 24 1
32 21 1
21 23 1
27 28 0
25 34 1
35 28 1
35 29 1
35 19 1
15 28 1
33 15 1
11 14 1
33 26 1
23 16 1
24 25 1
4 3 0
34 28 1
22 35 1
24 29 1
11 12 0
32 27 1
35 17 1
28 30 1
20 17 1
34 15 1
17 33 1
19 36 1
34 17 1
30 24 1
10 9 0
32 17 1
21 18 1
25 33 1
19 31 1
36 29 1
26 36 1
15 16 0
29 25 1
22 31 1
12 13 1
34 32 1
27 19 1
24 23 0
33 18 1
36 35 0
11 10 1
11 13 1
20 26 1
25 21 1
20 25 1
26 25 0
20 19 0
31 32 0
15 29 1
24 34 1
28 31 1
27 20 1
25 17 1
35 32 1
24 35 1
28 32 1
34 16 1
16 35 1
18 22 1
29 28 1
22 27 1
19 18 1
27 30 1
22 28 1
21 31 1
30 29 0
12 9 1
35 26 1
18 17 0
19 23 1
26 28 1
22 36 1
19 33 1
23 30 1
24 21 1
12 14 1
15 24 1
29 16 1
22 30 1
29 20 1
19 26 1
18 35 1
15 22 1
26 32 1
22 20 1
35 31 1
28 19 1
27 24 1
27 16 1
25 35 1
15 36 1
16 24 1
25 15 1
32 15 1
15 30 1
23 27 1
36 27 1
21 16 1
31 34 1
21 34 1
24 26 1
18 28 1
21 36 1
26 34 1
26 21 1
21 33 1
27 25 1
24 17 1
32 25 1
23 15 1
19 22 1
20 33 1
34 22 1
30 20 1
27 26 1
31 24 1
36 33 1
30 19 1
17 29 1
16 26 1
23 29 1
15 18 1
36 32 1
36 20 1
18 20 1
31 27 1
31 26 1
31 20 1
27 33 1
31 30 1
28 36 1
29 31 1
31 16 1
35 27 1
29 21 1
31 23 1
31 33 1
24 36 1
19 16 1
30 18 1
29 34 1
24 33 1
36 23 1
22 24 1
21 20 1
30 26 1
22 17 1
36 17 1
17 30 1
