36 250
13 10 40
21 19 40
10 11 40
15 22 40
15 27 40
36 21 40
24 22 40
16 19 40
34 33 39
19 34 40
36 23 40
19 33 40
10 12 40
19 26 40
17 19 40
31 28 40
26 36 40
16 30 40
16 22 40
11 13 40
8 7 39
20 31 40
27 30 40
33 22 40
36 25 40
24 19 40
23 31 40
31 25 40
36 28 40
24 20 40
35 21 40
17 26 40
21 34 40
27 33 40
33 25 40
18 30 40
18 23 40
20 34 40
27 21 40
18 21 40
26 16 40
28 21 40
32 34 40
23 28 40
25 32 40
30 29 39
25 27 40
20 33 40
30 22 40
20 23 40
23 26 40
32 22 40
34 17 40
16 34 40
29 32 40
17 27 40
25 15 40
26 24 40
33 30 40
28 27 39
17 18 39
28 22 40
21 29 40
23 34 40
15 29 40
29 26 40
12 9 40
20 18 40
28 35 40
15 23 40
35 19 40
35 32 40
31 29 40
19 28 40
32 16 40
24 27 40
28 32 40
32 31 39
17 16 40
16 21 40
24 34 40
26 20 40
23 33 40
24 23 39
27 22 40
20 19 39
24 15 40
35 25 40
18 19 40
14 9 40
17 28 40
33 36 40
18 32 40
1 2 39
26 28 40
25 19 40
30 20 40
14 12 40
19 36 40
25 34 40
30 35 40
30 17 40
19 22 40
29 22 40
25 18 40
33 29 40
29 20 40
24 33 40
13 12 40
27 29 40
32 20 40
35 23 40
29 18 40
32 26 40
27 20 40
35 36 39
28 24 40
15 26 40
20 16 40
32 36 40
15 30 40
17 25 40
18 28 40
19 23 40
36 16 40
31 30 40
33 26 40
15 21 40
16 27 40
15 17 40
20 17 40
17 35 40
24 17 40
31 33 40
16 23 40
28 33 40
35 26 40
22 17 40
34 29 40
33 21 40
25 28 40
19 15 40
36 22 40
22 25 40
29 35 40
18 24 40
31 26 40
22 35 40
29 16 40
29 25 40
28 20 40
27 31 40
15 36 40
16 28 40
11 14 40
21 30 40
15 20 40
32 33 40
21 25 40
16 24 40
25 23 40
33 16 40
32 30 40
25 30 40
34 30 40
9 10 39
23 22 40
32 17 40
21 20 40
11 12 39
5 6 39
26 25 39
21 17 40
23 32 40
32 19 40
18 33 40
34 36 40
14 13 39
24 36 40
22 20 40
28 15 40
20 25 40
34 28 40
31 22 40
27 26 40
30 26 40
34 27 40
21 32 40
32 24 40
18 35 40
35 34 40
16 18 40
15 33 40
28 30 40
31 35 40
28 29 40
32 27 40
15 34 40
21 22 39
26 21 40
19 27 40
17 29 40
30 36 40
22 18 40
36 27 40
35 15 40
23 21 40
18 15 40
23 29 40
16 35 40
35 24 40
31 34 40
15 16 39
17 31 40
16 25 40
31 19 40
16 31 40
17 33 40
36 31 40
26 18 40
9 11 40
30 23 40
36 29 40
36 20 40
22 26 40
17 36 40
27 18 40
14 10 40
34 22 40
17 23 40
35 27 40
15 31 40
13 9 40
29 19 40
35 20 40
30 19 40
30 24 40
31 24 40
4 3 39
31 18 40
36 18 40
24 25 40
32 15 40
18 34 40
35 33 40
23 27 40
29 24 40
26 34 40
21 24 40
31 21 40
