36 250
17 25 40
26 16 40
14 12 40
17 28 40
35 18 40
18 16 40
22 29 40
30 28 40
21 18 40
17 23 40
24 36 40
16 28 40
16 21 40
17 34 40
29 16 40
27 28 39
17 22 40
27 25 40
13 10 40
19 35 40
15 28 40
26 29 40
32 28 40
30 33 40
27 24 40
20 28 40
24 23 39
35 25 40
33 17 40
26 24 40
20 33 40
30 24 40
31 27 40
32 21 40
22 34 40
16 19 40
35 23 40
32 30 40
34 31 40
24 21 40
24 20 40
22 31 40
20 17 40
23 31 40
30 22 40
10 11 40
35 30 40
32 27 40
33 18 40
24 15 40
19 24 40
22 16 40
36 34 40
16 23 40
25 33 40
28 21 40
27 33 40
36 30 40
15 21 40
20 25 40
21 33 40
20 30 40
10 9 39
32 19 40
31 19 40
19 30 40
35 36 39
18 34 40
31 25 40
18 29 40
27 36 40
31 16 40
9 14 40
33 28 40
20 18 40
32 15 40
26 23 40
36 18 40
26 25 39
34 35 40
15 35 40
30 16 40
32 33 40
34 19 40
27 20 40
34 25 40
28 31 40
36 17 40
18 30 40
21 31 40
15 18 40
23 20 40
24 16 40
35 21 40
35 33 40
2 1 39
18 23 40
16 17 40
31 24 40
15 29 40
28 19 40
21 23 40
30 34 40
31 35 40
24 35 40
15 34 40
34 28 40
10 12 40
23 33 40
7 8 39
19 23 40
23 30 40
35 22 40
5 6 39
30 26 40
19 20 39
32 18 40
18 25 40
28 35 40
33 34 39
21 20 40
20 29 40
31 26 40
30 17 40
34 20 40
20 32 40
36 19 40
16 27 40
36 31 40
12 9 40
11 13 40
3 4 39
29 35 40
23 29 40
22 18 40
34 29 40
26 32 40
28 22 40
24 28 40
32 22 40
35 32 40
22 23 40
16 34 40
26 35 40
15 27 40
32 24 40
32 25 40
23 15 40
36 22 40
27 35 40
23 32 40
36 21 40
29 24 40
21 34 40
28 36 40
22 21 39
16 33 40
17 24 40
20 22 40
27 34 40
9 13 40
24 33 40
17 19 40
18 17 39
15 17 40
24 22 40
19 26 40
15 16 39
29 33 40
23 36 40
21 29 40
28 23 40
35 20 40
18 31 40
36 26 40
25 30 40
19 22 40
31 32 39
17 32 40
14 10 40
32 29 40
27 22 40
25 21 40
26 20 40
33 15 40
17 31 40
20 16 40
29 19 40
25 24 40
25 15 40
24 34 40
25 28 40
14 13 39
16 36 40
26 17 40
21 30 40
15 30 40
22 26 40
31 29 40
21 19 40
34 26 40
14 11 40
17 21 40
16 35 40
27 18 40
15 26 40
33 19 40
36 25 40
35 17 40
27 21 40
26 18 40
34 32 40
15 19 40
15 20 40
18 24 40
28 18 40
27 23 40
30 29 39
33 22 40
26 21 40
33 31 40
36 32 40
29 36 40
33 26 40
27 17 40
23 34 40
30 31 40
22 15 40
25 16 40
27 26 40
15 36 40
11 9 40
12 13 40
29 28 40
19 25 40
29 27 40
11 12 39
29 25 40
36 33 40
29 17 40
26 28 40
19 18 40
25 23 40
19 27 40
16 32 40
27 30 40
25 22 40
15 31 40
31 20 40
36 20 40
