36 250
26 31 40
36 24 40
17 27 40
17 19 40
15 21 40
18 17 39
21 19 40
13 12 40
20 35 40
30 32 40
9 14 40
18 26 40
26 36 40
13 11 40
23 24 39
25 19 40
27 34 40
29 19 40
33 20 40
24 31 40
17 16 40
22 27 40
16 15 39
32 18 40
31 28 40
15 22 40
21 29 40
36 35 39
28 20 40
33 34 39
20 36 40
30 25 40
27 30 40
24 34 40
23 33 40
36 34 40
17 24 40
25 27 40
21 28 40
15 27 40
19 22 40
35 16 40
13 10 40
30 26 40
35 25 40
22 32 40
18 36 40
28 26 40
21 25 40
30 35 40
23 30 40
35 21 40
21 32 40
29 32 40
22 33 40
24 19 40
19 32 40
34 17 40
22 24 40
30 16 40
20 27 40
10 9 39
36 27 40
33 17 40
32 24 40
23 27 40
29 34 40
21 17 40
20 16 40
20 19 39
19 33 40
32 20 40
28 27 39
23 26 40
13 9 40
26 27 40
27 19 40
35 22 40
15 29 40
35 33 40
15 18 40
35 18 40
31 34 40
34 35 40
34 23 40
5 6 39
33 30 40
30 36 40
18 20 40
22 18 40
25 17 40
12 11 39
28 23 40
23 15 40
17 15 40
19 36 40
29 36 40
24 28 40
23 22 40
15 30 40
24 20 40
15 31 40
30 22 40
2 1 39
16 31 40
28 16 40
35 17 40
23 18 40
24 15 40
24 33 40
29 24 40
30 31 40
29 18 40
34 15 40
32 36 40
19 28 40
15 26 40
23 35 40
16 29 40
30 28 40
30 21 40
15 33 40
27 35 40
16 34 40
31 19 40
25 33 40
26 20 40
23 31 40
11 10 40
19 35 40
20 21 40
34 32 40
15 35 40
20 34 40
26 33 40
23 36 40
18 27 40
29 33 40
16 18 40
32 35 40
32 15 40
26 19 40
18 31 40
25 32 40
23 16 40
12 10 40
16 21 40
21 22 39
34 28 40
17 29 40
33 36 40
31 35 40
17 23 40
16 26 40
26 21 40
31 32 39
25 31 40
32 33 40
14 12 40
36 31 40
13 14 39
25 15 40
20 22 40
18 33 40
15 36 40
15 19 40
36 17 40
25 28 40
34 22 40
29 22 40
16 22 40
20 29 40
17 26 40
29 26 40
9 12 40
24 26 40
24 18 40
30 19 40
17 22 40
24 30 40
33 28 40
15 20 40
24 35 40
16 19 40
21 36 40
25 36 40
25 22 40
30 34 40
33 16 40
23 29 40
14 10 40
23 19 40
24 16 40
27 24 40
31 20 40
3 4 39
30 17 40
20 17 40
19 34 40
32 16 40
8 7 39
20 30 40
35 26 40
16 36 40
32 17 40
18 21 40
28 35 40
21 23 40
22 26 40
29 27 40
17 31 40
27 33 40
18 19 40
31 21 40
26 25 39
15 28 40
25 23 40
25 29 40
20 25 40
34 26 40
36 28 40
23 32 40
35 29 40
21 33 40
29 28 40
27 31 40
34 25 40
28 22 40
31 22 40
18 28 40
16 25 40
32 26 40
33 31 40
9 11 40
29 30 39
23 20 40
24 21 40
27 16 40
18 25 40
17 28 40
11 14 40
21 34 40
29 31 40
30 18 40
32 27 40
24 25 40
36 22 40
28 32 40
34 18 40
21 27 40
