36 250
30 24 999997
20 30 999995
29 21 999995
31 18 999990
27 24 999990
34 25 999998
36 16 999991
18 28 1000000
19 28 999997
22 23 999991
32 16 999994
2 1 999999
15 19 999992
33 25 999998
27 16 1000000
16 21 999991
31 19 999991
36 20 999993
26 17 999993
18 23 999996
15 29 999993
15 30 999991
22 31 999990
23 30 999998
7 8 999999
26 31 999997
18 33 1000000
36 29 999994
24 31 999995
24 16 999992
28 20 999993
17 23 999997
17 18 999994
16 33 999990
24 20 999998
33 27 999999
25 21 999999
23 20 999996
33 23 999993
20 31 999992
24 18 999992
25 26 999994
20 16 999999
36 35 999994
32 35 999999
29 26 999999
30 22 999998
36 24 999991
11 12 999991
23 34 999994
22 34 999990
34 17 999997
30 16 999990
27 25 999990
34 32 999991
22 24 999997
13 9 1000000
18 34 999995
26 24 999993
11 14 999995
17 35 999999
24 17 999991
21 24 999996
36 28 999991
27 26 999995
15 36 999991
21 32 999999
36 27 999999
17 31 999994
14 12 1000000
23 32 999991
30 35 999999
24 25 1000000
30 34 999995
26 33 1000000
26 32 999994
17 33 999997
27 29 999990
15 23 999991
17 30 1000000
36 22 999991
20 29 999991
13 14 999991
20 26 999997
36 19 999990
20 33 999993
36 30 999993
19 17 999998
15 16 999990
17 27 999991
26 15 999997
33 30 999999
32 25 1000000
13 10 999999
15 18 999999
20 21 999992
35 31 999994
36 25 999992
32 27 999990
21 28 999995
12 9 999996
32 15 999994
23 27 999993
35 16 999997
13 12 1000000
17 21 999998
25 17 999994
19 26 999997
15 21 999998
32 28 999998
31 16 999998
32 33 999998
27 21 1000000
22 35 999996
35 24 999991
27 34 999992
21 19 999994
18 35 999990
22 18 999993
17 29 999990
17 36 1000000
26 16 999996
34 16 999994
18 27 999999
10 14 999999
31 21 999992
12 10 999993
23 25 999991
15 17 999993
26 30 999994
35 21 1000000
29 32 999998
29 34 999995
30 29 999992
32 17 999993
18 32 1000000
24 28 999992
31 36 999990
24 23 999995
22 28 999991
16 25 999993
23 19 1000000
19 24 999999
33 24 999993
26 34 999993
29 19 999990
35 33 999990
18 21 999994
22 29 999997
15 20 999993
32 30 999999
21 30 999992
19 22 1000000
31 34 999999
29 28 1000000
25 22 999998
35 15 999996
25 29 999999
33 34 999999
15 33 999998
16 29 999997
29 35 999992
29 18 999997
19 33 999997
29 33 999994
28 16 999990
19 25 999990
28 35 999990
34 20 999991
16 17 999995
20 25 999990
33 31 999993
32 20 999996
19 34 999998
31 15 999996
6 5 999996
16 19 999991
29 24 999998
21 22 999993
34 28 999993
19 30 1000000
22 17 999995
23 21 1000000
31 23 999995
33 22 999999
20 27 999992
28 15 999990
23 35 999993
18 36 999998
27 30 1000000
19 18 999990
25 31 999999
31 30 999997
28 27 999996
11 10 999990
28 25 1000000
33 21 999995
25 18 999999
25 30 999991
20 22 999995
18 30 999992
36 34 999990
24 34 1000000
16 23 999997
36 26 999999
19 32 999990
20 19 999993
17 28 999990
20 18 999992
35 26 999999
23 26 999996
26 28 999992
31 29 999990
35 19 999997
22 16 999990
31 28 999993
29 23 999996
27 15 999997
17 20 999999
34 35 999990
27 31 999991
14 9 999990
21 34 999997
28 23 999995
3 4 999994
24 32 999990
34 15 999996
20 35 999993
35 27 999990
11 13 1000000
36 21 999995
33 28 999997
23 36 999992
25 35 999991
21 26 999997
31 32 999996
15 24 999992
26 22 1000000
32 36 999999
15 25 999996
36 33 999993
27 19 999996
22 32 999998
18 26 999993
28 30 999993
27 22 999994
11 9 999995
10 9 999992
15 22 999992
18 16 999990
