36 250
16 26 999996
33 16 999998
32 15 999992
29 23 999994
16 15 999994
33 17 999997
22 30 999997
9 10 999995
24 30 999999
35 33 999999
21 17 999997
36 34 999999
31 34 999998
16 35 999998
31 20 999995
34 25 999993
9 12 999990
11 10 999991
20 16 999996
15 17 999995
27 18 999990
21 24 999996
20 35 999995
28 15 999993
18 21 999993
20 24 999995
36 31 999991
10 12 999992
16 36 999994
33 18 999998
19 15 999997
29 17 999992
21 33 999991
29 18 999991
32 28 999996
29 20 999993
23 16 999995
31 35 999995
14 13 999995
33 29 999990
15 30 999992
28 18 999990
17 16 999992
27 25 999992
30 23 999997
36 26 999994
18 35 999996
18 17 1000000
36 18 999990
18 24 999990
28 23 999996
31 24 999998
29 28 1000000
30 26 999995
25 31 1000000
22 35 999998
22 23 999995
29 34 999994
32 17 1000000
22 17 999995
10 13 1000000
20 17 999992
19 32 999992
29 36 999991
25 23 999996
4 3 999994
20 23 999990
26 23 999995
22 16 999992
29 22 999992
25 22 999995
20 26 1000000
33 23 999991
20 33 1000000
17 27 999993
30 27 999995
30 32 999990
19 22 1000000
26 27 999995
24 27 999993
32 22 999992
24 36 999996
31 29 999996
22 31 999990
21 15 1000000
17 19 999990
28 36 999994
10 14 999995
31 18 999995
32 16 999992
32 26 999999
32 20 999991
15 26 999996
28 17 999990
34 28 999996
22 28 1000000
26 22 999997
33 19 999999
21 16 999996
22 33 999995
20 25 999996
14 9 999990
15 35 999993
24 16 1000000
17 25 999997
25 16 1000000
29 24 1000000
36 32 999991
27 31 999995
28 25 999992
15 29 999998
24 17 999995
30 35 999994
34 26 999993
20 28 999993
23 27 999998
29 26 999999
20 36 999998
27 19 999990
33 30 999991
22 15 999999
19 23 999993
9 11 999994
28 21 999998
15 25 999998
13 11 1000000
22 24 999993
33 15 999995
34 35 999994
17 30 999993
18 26 999990
27 15 999997
8 7 999993
17 26 999998
2 1 999993
27 36 999999
27 22 1000000
19 29 999990
35 28 999997
30 19 999990
19 25 999999
22 21 999999
24 32 999993
34 17 999991
24 35 1000000
36 35 999994
18 20 999998
28 16 1000000
27 33 999990
22 36 999999
36 17 999991
21 32 999998
34 27 999996
16 30 999998
13 9 999994
30 34 999990
14 11 999999
19 34 999995
21 19 999999
19 16 999998
31 26 999996
23 31 999999
31 15 999996
32 18 999998
19 36 999998
30 28 999996
19 24 999999
22 34 999990
15 34 999990
32 34 999994
18 19 999991
35 17 1000000
23 15 999992
20 21 999996
23 34 1000000
18 23 999992
21 34 999990
28 33 999995
34 24 999999
25 36 999991
6 5 999994
31 17 1000000
32 31 999998
25 29 999999
31 30 999996
27 29 1000000
21 30 999991
29 21 999995
25 18 999991
25 30 999999
35 25 999997
28 26 999990
25 33 999998
25 21 999998
24 25 1000000
29 35 999992
23 21 999994
24 26 999995
36 33 999995
26 25 999992
31 19 999996
36 15 999998
30 18 999995
30 29 999990
17 23 999997
34 20 999991
35 26 1000000
30 20 999999
16 29 999996
35 19 999996
28 27 999995
34 18 999995
33 24 999993
11 12 999996
32 27 999993
14 12 999992
22 20 1000000
21 35 999991
27 21 999998
21 31 999992
36 23 999993
31 28 999996
28 19 999991
33 34 999996
32 35 999999
16 34 999996
23 24 999997
21 36 999995
21 26 999990
32 29 999991
31 16 999990
25 32 999994
32 33 999998
24 28 999991
18 16 999998
13 12 999996
23 32 999998
18 22 999994
19 26 999992
35 23 999995
15 20 999999
27 16 999994
33 26 999993
33 31 999996
15 18 999992
24 15 999998
27 35 999999
27 20 999994
36 30 999994
19 20 999990
