36 250
10 9 1000000
30 36 999993
23 36 999998
33 23 1000000
16 35 999994
23 28 999991
16 24 999992
36 26 999997
15 34 999998
33 31 999993
21 22 999997
15 36 999999
36 17 999991
20 16 999994
19 18 999994
24 29 999990
12 14 999990
33 35 999995
25 28 999999
15 31 999993
36 34 999996
23 17 999999
25 19 999997
27 20 999996
27 19 999999
31 35 999993
22 31 999998
17 30 999994
23 19 999993
25 15 999995
3 4 999991
13 10 999997
31 21 999992
34 18 999993
23 24 999992
30 33 999994
29 35 999996
29 19 1000000
23 26 999998
15 26 999991
15 21 999993
17 32 999998
16 27 999999
35 24 999996
29 23 999994
26 16 999997
22 33 1000000
9 11 999992
28 31 999991
33 25 999998
16 34 999998
31 24 999992
32 15 999994
18 32 999992
17 20 999994
24 15 999993
31 18 999994
16 17 999990
22 32 999990
36 33 999996
16 28 1000000
26 19 999990
32 24 999999
19 28 999999
31 23 999991
15 22 999994
27 26 1000000
34 32 999996
20 23 999990
17 26 999991
27 30 999992
30 28 999998
32 21 1000000
31 17 999991
34 25 1000000
28 33 999999
28 18 999992
27 36 999999
32 35 999995
16 18 999996
34 22 999996
28 36 999997
22 20 999996
30 22 999997
21 17 999997
23 27 999992
34 21 1000000
20 32 999994
15 33 999998
20 31 999991
19 24 999998
20 35 999997
19 15 999998
29 25 999992
20 21 999990
16 29 999991
33 27 999993
29 31 999999
17 18 1000000
36 19 999998
35 15 999994
20 33 999998
36 16 999995
25 18 1000000
17 27 999990
30 15 999995
21 36 999995
26 34 999999
23 30 999997
18 30 1000000
35 27 999990
9 12 999998
24 36 999995
16 15 999997
29 15 999993
16 19 999997
35 28 999997
22 35 999994
20 30 999999
28 34 999999
29 22 999996
21 16 999994
29 34 999990
28 21 999992
19 33 999999
27 31 999990
20 18 999996
20 28 999999
32 19 999993
13 11 999999
33 18 999990
30 31 999997
26 21 999990
30 16 999991
22 25 999992
28 27 999998
33 16 999996
18 36 999997
21 30 999992
10 12 999991
17 29 999997
22 26 999997
21 19 999992
25 24 999999
26 24 999994
15 18 999994
33 26 999996
30 34 999995
36 22 999991
32 28 999999
23 25 999990
18 22 999992
35 23 999990
32 30 999999
25 26 999993
24 28 999993
20 19 999990
20 25 999990
32 31 999994
14 13 999990
21 35 999990
18 21 999995
34 19 999996
32 16 999999
30 35 999992
21 33 999993
30 19 999991
28 17 999990
21 29 999993
27 29 999998
17 19 999994
19 31 999992
14 10 999992
27 15 999991
5 6 999997
13 9 999991
17 34 999995
8 7 999993
17 35 999999
33 32 999994
20 15 999998
31 25 999998
23 32 999999
24 27 999999
17 24 999995
35 25 999998
18 26 999996
36 35 999997
25 17 999990
11 12 999995
20 34 999995
30 24 999999
11 14 999991
26 35 999994
9 14 1000000
18 23 999998
20 36 999995
28 15 999991
26 28 999999
32 26 999998
21 25 999992
25 16 999996
24 18 999999
24 22 999996
30 26 999998
29 36 999990
33 17 999996
17 15 999991
21 27 999995
35 34 1000000
29 28 999997
36 32 999990
36 31 999995
33 34 1000000
24 34 999994
29 18 999990
34 27 1000000
1 2 999996
28 22 999995
25 36 999991
25 30 999996
32 29 999999
17 22 999999
18 27 999992
22 23 999999
21 23 999998
16 23 999998
34 23 999997
29 33 999990
25 27 999998
31 34 999998
24 21 999995
22 19 1000000
29 20 999991
26 29 999993
24 20 999999
32 25 999995
35 19 1000000
22 16 999992
13 12 999992
20 26 999993
22 27 999996
35 18 1000000
27 32 999994
30 29 999998
26 31 999990
11 10 999999
31 16 999993
15 23 999993
33 24 999997
