36 250
33 23 999992
25 35 999995
29 15 999995
36 22 999998
2 1 999995
36 21 999998
24 18 999991
18 25 999990
22 32 999993
30 31 1000000
14 13 999996
15 34 999996
17 23 999999
23 16 1000000
30 21 999993
20 36 999992
23 15 999996
27 23 999990
34 19 999991
27 26 999998
17 25 999994
27 32 999993
32 26 999996
18 35 999997
29 25 999996
27 24 1000000
33 29 999998
19 32 999995
20 28 999995
30 36 999991
12 10 999991
30 15 999999
32 30 999995
35 32 999993
34 26 999996
30 35 999994
36 19 999997
30 17 999997
26 35 999990
23 25 999992
10 11 999990
11 12 999993
18 21 1000000
24 35 999991
22 23 999999
15 22 999994
31 36 999999
34 35 999994
20 29 999993
16 15 999992
17 22 999994
11 14 1000000
19 15 999992
12 13 999993
13 11 999992
27 35 999991
33 16 999990
26 30 999994
18 26 999991
20 16 999990
21 17 999995
17 29 999994
26 22 999991
20 32 999998
22 19 999995
9 10 999995
16 18 999995
24 16 999999
16 34 999995
32 17 999993
21 25 999992
23 31 999997
20 26 999993
21 19 999994
36 17 999995
36 34 999997
18 17 999992
20 15 999992
33 21 999997
30 33 999990
10 13 999999
34 21 1000000
22 33 999997
33 32 999996
32 28 999999
22 27 1000000
34 27 999991
22 28 999993
30 34 999997
29 23 999990
21 24 999996
20 18 999994
14 9 999997
25 30 999999
29 21 999990
23 24 1000000
22 16 999994
6 5 999997
35 28 999990
30 22 999992
23 20 999991
32 29 999993
15 18 999995
15 21 999996
28 27 999994
31 32 1000000
25 33 1000000
20 34 999996
31 18 999995
25 19 999996
19 24 999990
23 21 999990
18 33 999999
21 16 999996
34 23 999995
32 36 1000000
28 26 999993
31 20 999992
19 29 999990
28 17 999990
15 27 999996
23 19 999992
28 33 999994
29 18 1000000
26 15 999999
18 32 999992
20 35 1000000
24 34 999994
30 27 999994
19 17 1000000
31 26 999996
21 35 999995
19 28 999994
24 20 999996
34 28 999995
32 21 999998
25 20 999990
7 8 999992
20 21 999992
18 19 999993
30 28 999998
28 36 999992
30 18 999990
18 22 999991
22 35 1000000
36 27 999999
17 31 999990
31 25 999998
24 33 999996
24 30 999996
31 33 999994
20 30 999997
20 19 999995
35 36 1000000
32 25 999991
14 12 999996
21 26 999991
28 18 999998
25 28 999997
27 25 999996
35 33 1000000
35 17 999995
36 15 999991
26 23 999990
29 36 999992
33 36 999991
29 27 999993
27 31 999993
4 3 999992
13 9 999993
19 16 999990
34 29 999997
22 24 999995
31 34 999997
24 31 999990
31 19 999998
24 15 999997
32 15 999998
16 28 999997
26 19 999999
21 22 1000000
15 33 999991
16 17 999994
25 34 999997
31 35 999993
16 26 999998
36 26 999992
36 24 999995
27 18 999993
34 18 1000000
35 29 999990
20 22 999995
12 9 999990
16 25 999999
29 26 999997
24 26 999990
10 14 1000000
18 36 999990
17 34 999997
27 33 999995
22 29 999992
21 28 999994
15 25 999999
23 32 999994
32 34 999993
31 15 999998
17 26 999993
32 24 999994
27 19 999993
16 36 999990
25 36 999995
35 15 999995
15 28 1000000
20 33 999999
33 17 999993
11 9 1000000
16 30 999991
24 17 999995
16 35 1000000
20 17 999995
33 19 999991
19 30 999995
21 31 1000000
31 16 999994
28 31 999993
27 20 999995
16 29 999991
29 30 999996
25 26 999992
16 32 999992
23 18 999990
17 15 999997
27 21 999993
31 29 999998
24 25 999994
24 28 999999
23 36 999993
34 22 999996
23 28 999992
16 27 999992
33 26 999995
17 27 999998
29 24 999993
23 30 999991
19 35 999999
29 28 999997
22 31 999998
35 23 999992
33 34 999997
25 22 999995
