36 250
21 35 999997
25 31 999999
33 30 999997
33 24 999992
23 35 999993
22 17 999992
32 36 999992
17 24 999990
32 16 999994
25 29 999990
35 22 999999
15 17 1000000
35 32 999997
20 26 999993
30 16 999999
16 19 1000000
30 20 999998
23 15 1000000
16 29 999999
19 20 999998
25 16 999995
31 17 999993
11 14 999994
10 9 999992
26 21 1000000
13 10 999996
34 26 999996
16 31 999990
17 27 999996
22 29 999996
18 30 999997
18 32 999998
17 28 1000000
20 31 999990
30 27 999997
20 32 1000000
19 28 999997
18 22 999990
24 19 999999
27 36 999995
32 31 999993
9 12 1000000
23 32 999995
35 30 999998
34 25 999995
15 28 999992
36 17 999998
25 36 999993
11 13 1000000
33 35 999998
29 27 999994
25 28 999995
13 9 999994
22 31 999995
20 33 999990
36 35 999992
15 18 999999
21 22 999991
34 24 999991
15 35 999994
15 33 999991
21 25 999998
23 29 999999
18 31 999997
15 22 999991
23 28 999996
34 18 999990
27 35 999990
33 21 999991
26 19 999993
16 36 999996
24 15 999995
21 32 999998
27 19 999996
15 25 999990
21 18 1000000
6 5 999991
20 24 999990
36 20 999998
17 23 1000000
26 17 999995
15 32 999996
29 15 1000000
27 33 999990
18 27 999995
34 31 999995
27 15 999994
16 20 999999
17 20 999998
27 34 999995
28 31 999992
24 23 999990
15 30 999991
31 15 999999
12 13 1000000
20 25 999998
17 19 999992
27 25 999998
21 31 999998
32 24 999992
19 35 999990
18 26 999996
26 24 999995
25 24 1000000
31 33 999996
20 29 1000000
23 20 999994
19 30 999996
33 32 999991
30 34 999998
16 24 999997
34 36 999990
12 10 999996
25 17 999995
24 30 999992
36 30 999998
24 29 1000000
22 33 999992
33 25 999990
23 31 999996
26 27 999991
31 26 999990
19 23 999994
34 22 1000000
22 27 999999
34 23 999999
21 16 999998
33 34 999998
14 10 999996
20 18 999995
19 21 1000000
19 32 999998
17 33 999991
23 26 999991
23 36 999998
33 26 999997
21 29 999997
18 16 999997
21 36 1000000
18 33 999995
28 30 999993
15 36 999991
27 24 999990
19 29 999997
18 28 1000000
28 35 999996
36 28 999998
25 32 999993
16 17 999998
32 34 999997
22 28 999996
30 22 999991
30 31 999991
26 30 999998
20 21 999999
26 36 999990
1 2 999992
22 25 999998
13 14 999990
17 18 999999
29 30 999995
20 22 999992
36 33 999997
30 25 999990
24 22 999996
15 34 999993
36 31 999991
35 20 999995
30 17 999999
29 36 999995
35 17 999994
21 28 999990
19 22 999998
28 27 999995
20 34 999995
4 3 999995
34 17 999997
33 29 999997
26 25 999995
34 29 999990
23 22 999996
23 16 1000000
14 12 999999
28 33 999995
34 35 999995
31 24 999998
16 35 999996
30 23 999997
29 31 999999
18 36 999993
28 16 1000000
23 33 1000000
35 31 999998
18 25 999997
34 16 999996
36 19 999991
28 20 999993
17 29 999996
29 26 999995
24 36 999991
28 32 1000000
30 32 999995
22 32 999994
27 32 999991
19 15 999999
22 16 1000000
16 15 999999
28 26 999992
21 34 999996
16 27 999998
19 34 999996
28 29 999994
35 18 999998
21 15 999996
24 28 999990
15 20 999999
32 29 999999
23 25 1000000
35 24 999998
27 23 999995
7 8 999999
15 26 999994
23 18 999997
33 16 999990
21 17 999996
30 21 999994
26 16 999995
18 24 999997
27 31 999990
29 35 999994
9 11 999996
23 21 999999
22 26 999991
26 35 999994
28 34 999991
36 22 999995
32 26 999998
25 19 999994
21 24 999993
31 19 999994
20 27 999990
18 29 999993
27 21 999996
35 25 999998
11 12 999993
19 18 999991
17 32 999995
11 10 999998
9 14 1000000
33 19 999993
