36 250
20 35 999993
16 33 999990
30 23 999999
25 20 999999
35 16 999991
34 23 999998
17 33 999991
28 36 1000000
35 15 999994
31 34 999998
30 16 999999
19 17 999994
28 16 999999
18 26 999999
21 23 999999
13 9 999991
24 33 999998
22 31 999997
16 25 999998
18 21 999999
35 30 999997
17 20 999990
17 24 999998
25 19 999998
11 12 999990
22 24 999996
34 20 999991
21 24 999990
20 26 999996
18 17 999999
23 28 999990
2 1 1000000
31 15 999991
16 27 999997
22 19 999992
36 25 999994
19 33 999997
29 27 999998
24 30 999998
16 22 999999
21 26 999998
18 23 999998
15 17 999991
33 29 999991
33 31 999991
22 15 999994
20 28 999998
31 29 1000000
16 32 999997
36 32 999992
29 36 999994
31 32 999995
25 35 999993
25 26 999995
23 20 999990
18 30 999993
33 35 999998
15 26 999995
24 16 1000000
31 20 999998
19 15 999997
28 26 1000000
20 18 999992
29 28 999992
36 27 999990
33 27 999993
33 21 1000000
33 25 999995
30 33 999997
31 16 999995
28 30 999994
36 26 999992
33 22 999991
21 31 999995
20 16 1000000
25 15 999997
32 24 1000000
9 11 999994
16 23 999994
29 30 999999
26 19 999997
31 28 999995
32 22 999994
27 21 999998
24 28 999995
7 8 999995
35 22 999993
35 23 999997
17 32 999998
26 16 999992
36 20 999991
26 27 999998
36 24 999997
36 33 999995
32 25 1000000
36 15 999996
23 22 999996
32 27 999999
29 32 999996
17 25 999996
23 17 999991
20 19 999997
21 19 999993
36 17 999993
27 31 999991
27 30 999991
33 32 999994
18 22 999990
17 30 999990
27 20 999990
24 29 999995
19 16 999991
35 28 999996
22 34 1000000
30 36 999994
30 19 999999
25 23 999994
34 28 1000000
20 15 999998
30 32 999994
28 25 999993
36 35 999996
11 10 999994
24 31 999995
14 10 999996
20 30 999995
36 23 999991
24 20 999998
21 16 999999
28 15 999991
19 23 1000000
25 29 999998
12 10 999992
35 21 999991
19 32 999992
23 15 999990
22 21 999997
22 29 999990
27 15 999995
34 30 1000000
26 23 999997
15 33 999993
32 34 999999
24 23 999994
35 24 999993
18 32 999993
34 16 999997
30 25 999997
17 27 999997
14 11 999990
26 24 999993
21 28 999992
26 30 999995
6 5 999997
23 32 999999
18 25 999998
34 15 999996
19 31 999997
22 26 999992
18 34 999994
30 31 1000000
15 32 999996
12 9 1000000
19 27 999996
29 21 999995
18 19 999992
24 34 999997
22 17 999995
28 33 1000000
29 17 999995
18 36 999992
17 34 999997
21 15 999997
22 30 999991
25 24 1000000
27 23 999998
27 25 999998
9 14 1000000
13 14 999992
35 31 999997
23 31 999995
34 35 999996
20 21 999994
26 31 999995
19 34 999995
31 36 999993
20 22 1000000
14 12 999991
15 30 999991
18 33 999991
35 18 999990
35 32 999990
35 19 1000000
35 27 999990
24 27 999993
36 19 999991
22 27 999998
35 29 999990
34 29 999996
27 18 999999
33 20 999992
20 32 999993
26 35 999990
31 25 999991
25 21 999995
21 34 1000000
22 36 999990
33 23 999999
22 28 999998
21 17 999990
34 26 999994
25 22 999992
27 34 1000000
29 26 999995
4 3 999990
28 19 999997
29 19 999996
17 16 999998
24 15 999990
28 18 999992
30 21 999997
33 34 999996
26 33 999999
16 18 999998
31 17 999996
28 32 999993
13 12 999990
21 32 1000000
18 31 999999
18 24 999992
17 35 1000000
36 34 999990
29 23 999995
25 34 999994
32 26 999991
29 15 999991
27 28 999993
36 21 999990
9 10 1000000
11 13 999994
15 16 999991
24 19 999992
18 15 999992
16 36 999997
29 20 999992
29 16 999998
17 28 999991
13 10 999993
29 18 999996
17 26 999995
