36 250
32 28 999997
32 33 999991
9 13 999998
21 19 999997
25 28 999993
33 19 999994
31 33 999999
16 15 999998
14 11 999991
23 21 999992
17 31 999996
22 20 999995
31 29 1000000
30 28 999992
18 28 999993
29 27 999995
32 26 999992
26 21 999994
29 23 999993
29 17 999999
34 21 999994
28 16 999990
19 36 999999
24 20 999999
19 28 999990
30 19 999993
27 31 999994
32 36 999990
20 30 999991
15 31 999992
12 13 999993
35 31 999995
18 19 999992
11 13 999998
31 30 999994
17 24 999991
21 15 1000000
24 31 999996
23 24 999997
21 24 999996
36 29 999993
14 10 999998
18 16 999997
23 32 999994
25 22 999992
25 19 999990
35 28 999990
30 23 999996
36 15 999995
30 26 999990
17 30 999992
27 25 999993
33 17 999995
23 33 999994
32 16 999995
24 22 999993
22 16 999991
20 26 999997
7 8 999997
18 31 999994
18 26 999998
35 25 999990
22 34 999995
33 16 999992
36 26 999994
20 35 1000000
28 31 999995
25 18 999991
17 27 999994
24 33 999997
25 15 999997
15 29 999994
29 33 999991
34 24 999990
33 15 999991
19 24 999998
23 34 999997
33 21 999992
27 30 1000000
23 27 999996
29 16 999991
17 16 999997
25 26 999994
24 29 999994
19 35 999990
25 20 999997
28 27 999997
17 26 999993
15 27 999990
29 34 999993
34 33 1000000
23 18 999997
31 25 999991
26 35 1000000
22 31 999994
32 30 999993
33 22 999996
17 23 999991
4 3 999999
9 11 999995
15 28 999995
24 30 999993
19 16 999995
26 24 999990
34 20 999998
21 35 999990
27 36 999995
6 5 999995
25 34 999997
36 18 999995
31 34 1000000
32 21 999996
24 35 999995
36 24 999999
21 16 1000000
9 14 999999
20 33 999990
30 34 999990
15 20 999993
13 10 1000000
29 28 999996
28 23 999993
29 19 999996
32 17 999997
23 35 999999
34 17 999994
33 25 999991
22 28 999998
25 21 999998
18 27 1000000
28 17 999991
18 30 999995
25 23 999995
17 15 999994
34 18 999994
32 19 999990
30 22 999994
21 31 999995
11 12 999992
23 16 999992
12 10 999991
1 2 999996
30 29 1000000
21 28 999991
24 27 999995
31 32 1000000
35 36 999996
15 18 999999
34 26 999995
31 16 999992
25 32 999990
22 27 999994
23 26 999991
25 17 1000000
34 15 1000000
24 28 999993
33 26 999991
31 20 999998
16 20 999995
23 22 999998
36 33 999992
36 25 999993
21 18 1000000
26 28 999998
19 31 999993
12 9 999998
35 27 999990
22 18 1000000
22 17 999996
19 23 999992
35 18 999995
17 20 999992
27 33 999991
32 34 999993
30 21 999993
30 16 999997
26 27 999993
27 34 999994
35 33 999994
9 10 1000000
16 25 999998
30 33 999999
20 19 999997
17 18 999996
35 30 999999
23 31 999999
23 15 999991
32 24 999998
35 32 999991
16 26 999994
30 36 999994
21 36 999997
12 14 999994
22 29 999998
19 15 999992
21 27 999993
32 22 999996
25 30 999993
36 22 999994
16 36 999999
20 32 999997
35 34 999999
35 29 999994
31 36 999999
27 16 999994
27 20 999995
18 20 999996
34 19 999996
28 34 1000000
28 33 999993
21 29 999995
19 17 999995
21 17 999999
15 32 999994
35 22 999995
26 29 999999
35 15 999992
31 26 999991
17 35 999992
36 28 999993
26 19 999992
26 22 999996
30 15 999993
23 20 999996
16 24 999993
20 21 1000000
24 18 999996
18 33 999998
32 18 999999
36 17 999997
29 32 999995
20 29 999994
27 19 999996
36 20 999994
29 25 999996
36 34 999998
14 13 999992
20 28 999995
32 27 999997
29 18 999990
35 16 999992
11 10 999990
24 15 999990
15 26 999999
36 23 999998
19 22 999997
25 24 1000000
21 22 1000000
15 22 999992
34 16 999993
