36 250
21 19 999992
33 28 999990
15 21 999992
16 25 999991
25 30 999991
19 26 999991
25 19 999992
16 26 999991
36 20 999999
34 31 999993
17 24 999995
36 19 999993
19 30 999991
21 25 999995
26 25 999994
33 16 1000000
35 23 999997
28 15 999991
36 15 999996
32 29 999992
31 28 999994
34 19 999991
31 30 999992
25 17 999997
20 35 999991
25 22 999997
17 35 999990
27 34 999990
16 35 999996
27 22 999990
21 35 1000000
21 20 999999
20 19 999992
26 36 999991
22 20 1000000
35 33 999993
17 23 999993
28 25 999996
33 17 999998
15 16 1000000
35 18 1000000
28 35 999996
27 19 999997
25 33 999999
30 32 999997
33 18 999996
29 21 999996
17 27 999991
14 10 999997
16 18 999997
32 17 999991
24 22 999995
20 31 999992
6 5 999999
30 35 999997
19 22 999995
16 20 999997
19 24 999994
26 21 999997
22 23 999998
33 32 999993
27 31 999994
21 30 999992
29 25 1000000
22 32 999997
36 22 999992
31 26 999996
21 17 999995
11 12 999996
24 34 999996
33 22 999991
18 30 999997
24 21 999998
26 29 999990
30 16 999997
26 34 999991
36 29 999993
27 25 999998
28 22 999992
30 26 999994
36 27 999996
29 33 999992
18 31 999995
24 32 999998
24 20 999996
16 28 999994
34 16 999999
16 21 999992
10 13 999992
18 29 999999
29 28 999995
20 23 999998
36 23 1000000
17 15 999998
24 15 999998
26 17 999993
33 24 999991
2 1 999994
20 32 999991
11 9 999996
35 36 999993
12 9 999993
19 23 999998
23 26 999990
34 30 999992
15 25 999991
23 16 999999
33 30 999993
10 12 999996
20 18 999999
35 22 999990
35 26 999996
19 16 999990
25 34 1000000
14 9 999999
9 10 999995
35 32 999994
36 16 999994
27 33 999997
20 15 999994
31 15 1000000
34 35 999994
21 28 1000000
23 33 999990
15 29 1000000
27 23 999998
27 18 999991
21 34 999994
15 23 999990
14 12 999999
24 31 999992
34 20 999998
18 21 999991
18 17 999991
15 27 999994
36 30 999992
27 26 999994
33 21 999995
18 23 999999
25 36 1000000
22 31 999998
29 22 999996
32 26 999998
31 16 1000000
31 29 999990
28 18 999998
15 22 999999
19 18 999997
27 35 999999
28 32 1000000
21 32 999997
25 24 1000000
35 31 999997
29 20 999992
23 21 999994
23 29 999997
15 33 999992
35 25 999991
31 19 999997
17 36 999991
30 24 999991
26 20 999996
22 18 999997
24 18 999992
34 32 999994
15 19 999991
17 28 999996
15 30 999994
15 34 999996
31 23 1000000
33 31 999991
24 36 999996
16 22 999994
20 33 999997
26 22 999991
24 16 999999
36 21 1000000
25 18 999999
15 35 999992
23 30 999996
15 32 999993
28 20 999994
17 31 1000000
28 24 1000000
34 18 999996
28 34 999990
14 13 999998
28 27 999997
34 22 999999
16 17 999997
29 19 999993
28 19 999990
34 17 999995
16 32 999999
29 27 999990
4 3 999993
23 28 999997
32 25 999996
22 30 1000000
17 30 999996
25 20 999994
20 17 999995
16 27 999998
32 19 999998
24 26 999994
32 23 999999
29 30 999997
33 34 999993
19 33 999997
30 20 999990
24 23 999996
30 27 999999
36 18 999995
19 35 999992
32 31 999993
15 26 999998
34 29 999999
26 33 999998
31 21 999997
17 22 999993
9 13 999997
7 8 999994
35 24 999992
24 29 999990
13 12 999995
18 26 999991
17 19 999999
17 29 1000000
36 34 999994
11 10 999990
29 16 999997
25 23 999998
23 34 1000000
32 18 999997
29 35 999996
36 31 999991
36 28 999998
28 30 999998
25 31 999991
26 28 1000000
24 27 999991
27 21 999998
27 20 999996
36 33 999999
18 15 999992
22 21 999998
36 32 999994
32 27 999996
11 14 999991
13 11 999990
