36 250
36 22 999999
21 19 1000000
11 13 999993
21 33 999999
35 33 999993
27 33 1000000
34 15 999994
17 15 1000000
19 29 999993
36 33 999999
27 19 999999
28 35 999993
16 35 999991
19 36 999993
13 9 999998
31 18 999990
20 16 999999
21 34 999994
27 35 1000000
28 33 1000000
35 22 999995
6 5 999992
23 28 999990
18 19 999991
27 30 999996
25 28 999999
34 32 999997
14 11 999991
26 18 999991
36 29 999993
34 30 999996
15 24 999991
25 20 999999
35 29 999991
18 28 999991
33 26 1000000
32 28 999998
35 24 999993
18 20 999992
9 10 999992
26 21 999999
19 35 999995
18 22 999992
27 23 999998
30 29 999993
15 30 999999
21 24 999992
16 27 999991
15 35 1000000
8 7 999994
4 3 999994
22 23 1000000
26 16 999995
13 12 999998
35 20 999991
32 25 999996
16 15 1000000
28 30 999990
16 36 999991
19 34 999997
36 35 999994
15 28 999996
18 24 999998
31 25 999996
19 16 999998
25 22 1000000
32 35 999999
24 34 999996
11 9 999999
15 23 999990
20 33 999997
35 25 999991
33 30 999994
35 30 999990
33 15 999994
33 17 999990
18 23 999990
31 23 999994
36 18 999996
36 30 999992
20 29 1000000
31 28 999992
30 19 999997
17 27 999999
24 19 999996
18 15 999999
17 34 1000000
15 29 999991
33 34 999990
2 1 999990
32 22 999997
32 26 999996
24 29 1000000
20 36 999993
18 25 999991
17 32 999998
21 23 1000000
31 27 999997
17 36 999992
22 26 999999
22 28 1000000
24 25 999995
17 31 999990
17 16 999992
30 18 999990
15 22 999994
16 25 999990
23 36 999990
16 30 999993
24 26 999999
26 35 999999
21 15 999993
32 33 999992
16 18 1000000
35 34 999990
17 22 999995
20 30 999996
23 25 999999
21 28 999999
29 34 1000000
15 27 999997
29 32 999997
33 29 999996
31 26 999999
17 29 999990
20 17 999992
32 21 999993
25 30 999993
25 17 999997
23 30 999991
32 36 999991
14 13 999995
33 23 999998
25 21 999996
27 24 999999
36 31 999995
27 34 999998
29 23 1000000
18 34 1000000
21 22 999993
31 32 999995
14 12 999995
35 17 999995
16 29 999999
29 25 999990
17 24 999991
24 23 999995
31 16 999998
19 33 999990
21 27 999995
24 28 999993
27 36 999999
16 23 999996
33 31 999997
26 15 999994
28 19 999991
22 27 999997
31 22 999999
17 28 999996
17 19 999997
19 32 999990
28 20 999993
32 27 999992
34 22 999998
25 34 999993
10 12 999995
24 33 999990
26 34 999994
10 14 999998
26 23 999994
28 26 999992
21 17 999998
16 24 999995
17 23 999991
27 18 999992
31 15 999994
30 31 999992
26 27 999994
25 33 999993
24 20 999992
32 18 999991
35 31 999991
19 26 999992
34 23 999997
10 13 999991
28 34 999992
21 18 999997
32 30 999997
30 24 999993
29 28 999992
22 30 999994
21 31 999991
11 10 999995
19 23 999995
26 30 999998
16 21 999993
20 19 999991
28 27 999996
22 29 999997
21 35 999998
24 36 999996
31 24 1000000
33 18 999994
25 27 999992
20 31 999999
22 20 999997
16 28 999993
29 31 999991
20 34 999990
29 21 999997
36 21 999996
9 14 1000000
25 36 999999
33 22 999996
15 32 999995
26 17 1000000
11 12 999990
26 29 999999
36 28 999990
16 33 999991
26 25 999995
34 16 999994
20 27 999996
36 15 1000000
29 18 999992
32 24 999991
32 16 999994
30 17 999998
35 18 999999
32 23 999992
26 20 999994
22 16 999999
15 19 999998
21 30 999998
9 12 999996
34 31 999998
20 15 999994
22 24 999995
23 20 999992
32 20 999994
18 17 999997
25 15 999995
22 19 999992
19 31 999993
26 36 1000000
34 36 999991
27 29 999995
25 19 999994
35 23 999994
20 21 999999
