36 250
21 23 999994
18 24 999998
32 22 999995
20 24 999992
24 17 999991
34 30 999992
14 10 999994
16 29 999993
9 12 999996
36 27 1000000
35 21 999995
35 32 999992
23 33 999999
36 34 999997
18 22 999991
24 35 999999
31 22 999994
31 33 999997
17 30 999996
28 34 999993
23 32 999991
1 2 999990
35 17 999996
22 25 999991
35 31 999990
34 33 999994
30 33 999991
13 11 999991
34 31 999994
34 32 999994
24 16 999999
35 19 999999
15 26 999998
16 27 999995
19 31 1000000
21 24 1000000
30 19 999993
30 24 999994
17 23 999995
29 31 999995
13 9 1000000
17 36 999998
32 25 999997
22 28 999990
24 32 999990
23 24 999995
20 22 999993
35 33 1000000
33 16 999997
12 13 999994
29 18 999997
29 17 999999
18 34 999996
28 32 999999
27 20 999993
28 20 999990
17 28 999995
34 26 999999
18 27 1000000
15 36 1000000
31 20 999990
26 16 999991
18 36 999993
24 31 999990
23 27 999996
21 29 999994
28 27 1000000
15 19 999990
28 18 999997
28 26 999994
26 33 999997
29 19 999998
14 9 999992
13 10 999990
34 23 999996
17 34 999998
29 33 999996
10 11 999990
24 25 999992
9 11 999994
27 26 999996
26 21 999990
9 10 1000000
28 15 999994
21 32 1000000
33 19 999994
18 33 999996
29 28 999993
15 18 999998
18 16 999996
32 18 999990
26 32 999990
26 30 999996
32 27 999993
30 25 999996
22 33 999991
16 17 999994
30 32 999998
29 23 999996
29 32 999996
15 30 999999
29 30 999993
27 15 999994
16 31 999993
16 21 1000000
19 25 999991
16 25 999999
30 22 999993
21 15 999993
24 22 999997
31 15 999996
21 28 999997
29 25 999995
23 20 999996
34 35 999995
26 23 1000000
16 19 999997
33 15 999992
22 35 999995
33 27 999998
21 22 999992
17 19 999997
26 22 999996
19 26 999999
28 36 999995
34 29 999992
16 36 999998
20 25 999990
25 27 999993
29 24 999996
12 14 999999
25 33 999999
7 8 999994
23 30 999995
31 21 999993
19 32 999999
27 30 999992
15 23 999996
19 36 999997
28 35 1000000
21 34 999996
34 25 1000000
31 18 999999
27 24 999994
20 16 999990
35 27 999992
19 22 999999
15 32 999991
17 15 999994
35 15 999997
16 23 1000000
36 30 999997
25 15 999996
17 26 999998
25 35 1000000
19 23 999992
20 33 999999
17 33 999995
32 16 999996
31 28 999997
22 29 999991
30 18 999999
24 34 999996
25 23 999992
22 23 999995
22 27 999990
32 20 999993
17 20 999998
27 19 999990
25 21 1000000
34 16 999997
20 34 999996
26 31 999990
17 22 999997
22 34 999998
21 18 999992
22 36 999999
28 30 999996
30 20 999997
31 36 999998
17 31 999990
28 24 999996
30 31 999997
35 20 999990
21 36 999993
16 22 999994
19 24 999991
30 16 999995
32 17 999997
20 29 999996
30 21 999992
20 18 999997
26 25 999997
28 25 999997
16 15 999993
36 35 999990
19 28 999993
34 27 999995
28 23 999993
20 15 999999
18 23 999998
29 26 999992
32 33 999991
6 5 1000000
35 26 999996
36 32 999997
26 18 999993
19 20 1000000
4 3 999998
29 35 999995
24 33 999999
36 26 999998
33 28 999991
36 20 999998
25 17 999993
34 15 999995
21 33 999992
11 14 999993
14 13 999990
19 18 999990
36 29 999990
11 12 999991
22 15 999990
33 36 999990
28 16 999995
10 12 999991
21 27 999990
36 23 999990
36 25 999990
24 15 999999
17 18 999993
15 29 999990
25 31 999994
21 17 999990
18 35 999997
20 21 1000000
26 24 999998
23 31 999997
26 20 999998
36 24 999998
27 17 999997
18 25 1000000
16 35 999998
31 27 999995
27 29 999991
32 31 999991
21 19 999992
19 34 999997
35 30 999998
23 35 999995
