36 250
31 18 999995
18 17 999995
36 22 999991
25 32 999994
18 24 999998
26 31 999998
25 27 999990
15 22 999996
26 36 999992
31 30 999992
34 28 999998
33 30 999991
34 24 999993
30 28 999992
35 21 999990
17 20 999992
16 22 999992
32 35 999992
16 17 999991
15 35 999999
19 31 999993
22 21 999995
36 21 999994
22 29 999995
20 29 999993
30 34 999992
24 20 999997
23 31 999998
22 20 999999
27 30 999993
32 28 999992
33 17 999992
33 28 999991
34 33 999998
15 32 1000000
26 24 999992
30 19 999991
32 36 999995
32 24 999993
33 15 999998
35 34 999993
10 11 999994
33 21 999995
15 25 999999
15 20 999993
33 26 999992
30 17 999990
9 10 1000000
17 28 999995
17 26 1000000
16 26 999990
27 15 999999
36 17 999990
15 17 999998
18 29 999996
17 34 999994
28 27 999992
29 34 999990
20 32 999990
28 26 999995
23 36 999993
32 26 999993
33 31 999997
29 21 999991
21 18 999999
23 20 999994
14 9 999997
24 30 999995
30 20 999998
17 29 999999
19 18 999990
27 29 999994
18 34 999995
28 29 999999
16 34 999994
32 33 999995
33 16 999996
11 13 999993
33 29 999999
20 34 999996
10 13 999994
23 27 999998
22 35 999994
34 25 999991
31 27 999991
1 2 1000000
32 30 999990
20 18 999997
19 27 999995
24 15 999991
26 29 999999
15 21 1000000
31 21 999995
21 32 1000000
19 28 1000000
32 34 999992
18 28 999995
19 29 999999
11 14 999998
26 34 999998
30 25 1000000
26 23 999991
16 35 999991
30 36 999991
26 18 999998
15 19 999998
27 22 999990
26 27 1000000
23 33 999996
20 36 999997
18 35 999994
7 8 999991
34 15 999996
19 35 999995
24 25 999997
25 16 1000000
19 33 999995
19 24 999996
20 35 999991
5 6 999995
31 29 999995
23 18 999993
23 32 999998
25 22 999998
12 13 999994
16 21 999991
36 27 999997
34 31 999997
26 25 1000000
22 28 999996
15 28 999997
19 23 999998
36 31 999992
29 36 999997
18 16 999992
25 23 999999
33 24 999994
15 31 999991
36 19 999999
36 15 999991
27 34 999994
16 24 999999
18 25 999990
28 23 999992
28 24 999990
36 28 999999
31 22 999991
21 27 999990
22 17 999999
16 15 999995
24 17 1000000
20 21 999994
22 26 999997
25 35 999993
27 33 999997
26 15 1000000
24 23 999992
19 34 999995
33 25 999999
21 26 999996
35 23 999994
32 22 999991
28 31 999990
35 36 999999
35 17 999992
18 32 999995
36 34 1000000
16 29 999999
17 19 999998
29 15 999998
27 32 999999
21 19 1000000
17 32 999990
29 35 999997
22 24 999991
12 10 999994
32 16 999990
19 16 999999
29 25 999994
26 30 1000000
27 20 999992
15 30 999994
27 18 999996
22 23 999993
23 30 999997
26 35 999998
35 27 1000000
13 14 999990
23 21 1000000
21 24 999996
12 11 999993
30 16 999992
27 17 999993
36 24 999995
36 25 999998
35 31 999990
33 18 999994
34 22 999992
33 36 999998
21 17 999993
33 22 999999
25 20 999991
9 12 999997
34 23 1000000
18 30 999991
16 20 999993
30 22 999999
32 31 999993
26 19 999998
27 16 999997
25 31 999997
35 33 1000000
35 28 999990
30 35 1000000
19 32 999992
29 23 999997
16 28 999992
28 21 999992
26 20 999998
15 23 999993
36 18 999996
14 12 999991
17 31 999995
24 27 999993
17 23 999995
31 24 999994
24 29 999996
30 21 999990
3 4 999993
28 20 999997
18 15 999998
19 20 999993
25 17 999997
28 25 999997
13 9 999996
30 29 1000000
32 29 1000000
19 25 999999
16 23 999991
16 31 999998
33 20 999998
21 34 999993
21 25 999992
9 11 999991
16 36 1000000
22 18 999996
10 14 999990
24 35 999994
31 20 999998
22 19 999992
