1000 1000 1000
0 0 300
1000 0 300
2000 0 300
3000 0 300
4000 0 300
5000 0 300
6000 0 300
7000 0 300
8000 0 300
9000 0 300
10000 0 300
11000 0 300
12000 0 300
13000 0 300
14000 0 300
15000 0 300
16000 0 300
17000 0 300
18000 0 300
19000 0 300
20000 0 300
21000 0 300
22000 0 300
23000 0 300
24000 0 300
25000 0 300
26000 0 300
27000 0 300
28000 0 300
29000 0 300
30000 0 300
31000 0 300
32000 0 300
33000 0 300
34000 0 300
35000 0 300
36000 0 300
37000 0 300
38000 0 300
39000 0 300
40000 0 300
41000 0 300
42000 0 300
43000 0 300
44000 0 300
45000 0 300
46000 0 300
47000 0 300
48000 0 300
49000 0 300
50000 0 300
51000 0 300
52000 0 300
53000 0 300
54000 0 300
55000 0 300
56000 0 300
57000 0 300
58000 0 300
59000 0 300
60000 0 300
61000 0 300
62000 0 300
63000 0 300
64000 0 300
65000 0 300
66000 0 300
67000 0 300
68000 0 300
69000 0 300
70000 0 300
71000 0 300
72000 0 300
73000 0 300
74000 0 300
75000 0 300
76000 0 300
77000 0 300
78000 0 300
79000 0 300
80000 0 300
81000 0 300
82000 0 300
83000 0 300
84000 0 300
85000 0 300
86000 0 300
87000 0 300
88000 0 300
89000 0 300
90000 0 300
91000 0 300
92000 0 300
93000 0 300
94000 0 300
95000 0 300
96000 0 300
97000 0 300
98000 0 300
99000 0 300
100000 0 300
101000 0 300
102000 0 300
103000 0 300
104000 0 300
105000 0 300
106000 0 300
107000 0 300
108000 0 300
109000 0 300
110000 0 300
111000 0 300
112000 0 300
113000 0 300
114000 0 300
115000 0 300
116000 0 300
117000 0 300
118000 0 300
119000 0 300
120000 0 300
121000 0 300
122000 0 300
123000 0 300
124000 0 300
125000 0 300
126000 0 300
127000 0 300
128000 0 300
129000 0 300
130000 0 300
131000 0 300
132000 0 300
133000 0 300
134000 0 300
135000 0 300
136000 0 300
137000 0 300
138000 0 300
139000 0 300
140000 0 300
141000 0 300
142000 0 300
143000 0 300
144000 0 300
145000 0 300
146000 0 300
147000 0 300
148000 0 300
149000 0 300
150000 0 300
151000 0 300
152000 0 300
153000 0 300
154000 0 300
155000 0 300
156000 0 300
157000 0 300
158000 0 300
159000 0 300
160000 0 300
161000 0 300
162000 0 300
163000 0 300
164000 0 300
165000 0 300
166000 0 300
167000 0 300
168000 0 300
169000 0 300
170000 0 300
171000 0 300
172000 0 300
173000 0 300
174000 0 300
175000 0 300
176000 0 300
177000 0 300
178000 0 300
179000 0 300
180000 0 300
181000 0 300
182000 0 300
183000 0 300
184000 0 300
185000 0 300
186000 0 300
187000 0 300
188000 0 300
189000 0 300
190000 0 300
191000 0 300
192000 0 300
193000 0 300
194000 0 300
195000 0 300
196000 0 300
197000 0 300
198000 0 300
199000 0 300
200000 0 300
201000 0 300
202000 0 300
203000 0 300
204000 0 300
205000 0 300
206000 0 300
207000 0 300
208000 0 300
209000 0 300
210000 0 300
211000 0 300
212000 0 300
213000 0 300
214000 0 300
215000 0 300
216000 0 300
217000 0 300
218000 0 300
219000 0 300
220000 0 300
221000 0 300
222000 0 300
223000 0 300
224000 0 300
225000 0 300
226000 0 300
227000 0 300
228000 0 300
229000 0 300
230000 0 300
231000 0 300
232000 0 300
233000 0 300
234000 0 300
235000 0 300
236000 0 300
237000 0 300
238000 0 300
239000 0 300
240000 0 300
241000 0 300
242000 0 300
243000 0 300
244000 0 300
245000 0 300
246000 0 300
247000 0 300
248000 0 300
249000 0 300
250000 0 300
251000 0 300
252000 0 300
253000 0 300
254000 0 300
255000 0 300
256000 0 300
257000 0 300
258000 0 300
259000 0 300
260000 0 300
261000 0 300
262000 0 300
263000 0 300
264000 0 300
265000 0 300
266000 0 300
267000 0 300
268000 0 300
269000 0 300
270000 0 300
271000 0 300
272000 0 300
273000 0 300
274000 0 300
275000 0 300
276000 0 300
277000 0 300
278000 0 300
279000 0 300
280000 0 300
281000 0 300
282000 0 300
283000 0 300
284000 0 300
285000 0 300
286000 0 300
287000 0 300
288000 0 300
289000 0 300
290000 0 300
291000 0 300
292000 0 300
293000 0 300
294000 0 300
295000 0 300
296000 0 300
297000 0 300
298000 0 300
299000 0 300
300000 0 300
301000 0 300
302000 0 300
303000 0 300
304000 0 300
305000 0 300
306000 0 300
307000 0 300
308000 0 300
309000 0 300
310000 0 300
311000 0 300
312000 0 300
313000 0 300
314000 0 300
315000 0 300
316000 0 300
317000 0 300
318000 0 300
319000 0 300
320000 0 300
321000 0 300
322000 0 300
323000 0 300
324000 0 300
325000 0 300
326000 0 300
327000 0 300
328000 0 300
329000 0 300
330000 0 300
331000 0 300
332000 0 300
333000 0 300
334000 0 300
335000 0 300
336000 0 300
337000 0 300
338000 0 300
339000 0 300
340000 0 300
341000 0 300
342000 0 300
343000 0 300
344000 0 300
345000 0 300
346000 0 300
347000 0 300
348000 0 300
349000 0 300
350000 0 300
351000 0 300
352000 0 300
353000 0 300
354000 0 300
355000 0 300
356000 0 300
357000 0 300
358000 0 300
359000 0 300
360000 0 300
361000 0 300
362000 0 300
363000 0 300
364000 0 300
365000 0 300
366000 0 300
367000 0 300
368000 0 300
369000 0 300
370000 0 300
371000 0 300
372000 0 300
373000 0 300
374000 0 300
375000 0 300
376000 0 300
377000 0 300
378000 0 300
379000 0 300
380000 0 300
381000 0 300
382000 0 300
383000 0 300
384000 0 300
385000 0 300
386000 0 300
387000 0 300
388000 0 300
389000 0 300
390000 0 300
391000 0 300
392000 0 300
393000 0 300
394000 0 300
395000 0 300
396000 0 300
397000 0 300
398000 0 300
399000 0 300
400000 0 300
401000 0 300
402000 0 300
403000 0 300
404000 0 300
405000 0 300
406000 0 300
407000 0 300
408000 0 300
409000 0 300
410000 0 300
411000 0 300
412000 0 300
413000 0 300
414000 0 300
415000 0 300
416000 0 300
417000 0 300
418000 0 300
419000 0 300
420000 0 300
421000 0 300
422000 0 300
423000 0 300
424000 0 300
425000 0 300
426000 0 300
427000 0 300
428000 0 300
429000 0 300
430000 0 300
431000 0 300
432000 0 300
433000 0 300
434000 0 300
435000 0 300
436000 0 300
437000 0 300
438000 0 300
439000 0 300
440000 0 300
441000 0 300
442000 0 300
443000 0 300
444000 0 300
445000 0 300
446000 0 300
447000 0 300
448000 0 300
449000 0 300
450000 0 300
451000 0 300
452000 0 300
453000 0 300
454000 0 300
455000 0 300
456000 0 300
457000 0 300
458000 0 300
459000 0 300
460000 0 300
461000 0 300
462000 0 300
463000 0 300
464000 0 300
465000 0 300
466000 0 300
467000 0 300
468000 0 300
469000 0 300
470000 0 300
471000 0 300
472000 0 300
473000 0 300
474000 0 300
475000 0 300
476000 0 300
477000 0 300
478000 0 300
479000 0 300
480000 0 300
481000 0 300
482000 0 300
483000 0 300
484000 0 300
485000 0 300
486000 0 300
487000 0 300
488000 0 300
489000 0 300
490000 0 300
491000 0 300
492000 0 300
493000 0 300
494000 0 300
495000 0 300
496000 0 300
497000 0 300
498000 0 300
499000 0 300
0 1000000 300
1000 1000000 300
2000 1000000 300
3000 1000000 300
4000 1000000 300
5000 1000000 300
6000 1000000 300
7000 1000000 300
8000 1000000 300
9000 1000000 300
10000 1000000 300
11000 1000000 300
12000 1000000 300
13000 1000000 300
14000 1000000 300
15000 1000000 300
16000 1000000 300
17000 1000000 300
18000 1000000 300
19000 1000000 300
20000 1000000 300
21000 1000000 300
22000 1000000 300
23000 1000000 300
24000 1000000 300
25000 1000000 300
26000 1000000 300
27000 1000000 300
28000 1000000 300
29000 1000000 300
30000 1000000 300
31000 1000000 300
32000 1000000 300
33000 1000000 300
34000 1000000 300
35000 1000000 300
36000 1000000 300
37000 1000000 300
38000 1000000 300
39000 1000000 300
40000 1000000 300
41000 1000000 300
42000 1000000 300
43000 1000000 300
44000 1000000 300
45000 1000000 300
46000 1000000 300
47000 1000000 300
48000 1000000 300
49000 1000000 300
50000 1000000 300
51000 1000000 300
52000 1000000 300
53000 1000000 300
54000 1000000 300
55000 1000000 300
56000 1000000 300
57000 1000000 300
58000 1000000 300
59000 1000000 300
60000 1000000 300
61000 1000000 300
62000 1000000 300
63000 1000000 300
64000 1000000 300
65000 1000000 300
66000 1000000 300
67000 1000000 300
68000 1000000 300
69000 1000000 300
70000 1000000 300
71000 1000000 300
72000 1000000 300
73000 1000000 300
74000 1000000 300
75000 1000000 300
76000 1000000 300
77000 1000000 300
78000 1000000 300
79000 1000000 300
80000 1000000 300
81000 1000000 300
82000 1000000 300
83000 1000000 300
84000 1000000 300
85000 1000000 300
86000 1000000 300
87000 1000000 300
88000 1000000 300
89000 1000000 300
90000 1000000 300
91000 1000000 300
92000 1000000 300
93000 1000000 300
94000 1000000 300
95000 1000000 300
96000 1000000 300
97000 1000000 300
98000 1000000 300
99000 1000000 300
100000 1000000 300
101000 1000000 300
102000 1000000 300
103000 1000000 300
104000 1000000 300
105000 1000000 300
106000 1000000 300
107000 1000000 300
108000 1000000 300
109000 1000000 300
110000 1000000 300
111000 1000000 300
112000 1000000 300
113000 1000000 300
114000 1000000 300
115000 1000000 300
116000 1000000 300
117000 1000000 300
118000 1000000 300
119000 1000000 300
120000 1000000 300
121000 1000000 300
122000 1000000 300
123000 1000000 300
124000 1000000 300
125000 1000000 300
126000 1000000 300
127000 1000000 300
128000 1000000 300
129000 1000000 300
130000 1000000 300
131000 1000000 300
132000 1000000 300
133000 1000000 300
134000 1000000 300
135000 1000000 300
136000 1000000 300
137000 1000000 300
138000 1000000 300
139000 1000000 300
140000 1000000 300
141000 1000000 300
142000 1000000 300
143000 1000000 300
144000 1000000 300
145000 1000000 300
146000 1000000 300
147000 1000000 300
148000 1000000 300
149000 1000000 300
150000 1000000 300
151000 1000000 300
152000 1000000 300
153000 1000000 300
154000 1000000 300
155000 1000000 300
156000 1000000 300
157000 1000000 300
158000 1000000 300
159000 1000000 300
160000 1000000 300
161000 1000000 300
162000 1000000 300
163000 1000000 300
164000 1000000 300
165000 1000000 300
166000 1000000 300
167000 1000000 300
168000 1000000 300
169000 1000000 300
170000 1000000 300
171000 1000000 300
172000 1000000 300
173000 1000000 300
174000 1000000 300
175000 1000000 300
176000 1000000 300
177000 1000000 300
178000 1000000 300
179000 1000000 300
180000 1000000 300
181000 1000000 300
182000 1000000 300
183000 1000000 300
184000 1000000 300
185000 1000000 300
186000 1000000 300
187000 1000000 300
188000 1000000 300
189000 1000000 300
190000 1000000 300
191000 1000000 300
192000 1000000 300
193000 1000000 300
194000 1000000 300
195000 1000000 300
196000 1000000 300
197000 1000000 300
198000 1000000 300
199000 1000000 300
200000 1000000 300
201000 1000000 300
202000 1000000 300
203000 1000000 300
204000 1000000 300
205000 1000000 300
206000 1000000 300
207000 1000000 300
208000 1000000 300
209000 1000000 300
210000 1000000 300
211000 1000000 300
212000 1000000 300
213000 1000000 300
214000 1000000 300
215000 1000000 300
216000 1000000 300
217000 1000000 300
218000 1000000 300
219000 1000000 300
220000 1000000 300
221000 1000000 300
222000 1000000 300
223000 1000000 300
224000 1000000 300
225000 1000000 300
226000 1000000 300
227000 1000000 300
228000 1000000 300
229000 1000000 300
230000 1000000 300
231000 1000000 300
232000 1000000 300
233000 1000000 300
234000 1000000 300
235000 1000000 300
236000 1000000 300
237000 1000000 300
238000 1000000 300
239000 1000000 300
240000 1000000 300
241000 1000000 300
242000 1000000 300
243000 1000000 300
244000 1000000 300
245000 1000000 300
246000 1000000 300
247000 1000000 300
248000 1000000 300
249000 1000000 300
250000 1000000 300
251000 1000000 300
252000 1000000 300
253000 1000000 300
254000 1000000 300
255000 1000000 300
256000 1000000 300
257000 1000000 300
258000 1000000 300
259000 1000000 300
260000 1000000 300
261000 1000000 300
262000 1000000 300
263000 1000000 300
264000 1000000 300
265000 1000000 300
266000 1000000 300
267000 1000000 300
268000 1000000 300
269000 1000000 300
270000 1000000 300
271000 1000000 300
272000 1000000 300
273000 1000000 300
274000 1000000 300
275000 1000000 300
276000 1000000 300
277000 1000000 300
278000 1000000 300
279000 1000000 300
280000 1000000 300
281000 1000000 300
282000 1000000 300
283000 1000000 300
284000 1000000 300
285000 1000000 300
286000 1000000 300
287000 1000000 300
288000 1000000 300
289000 1000000 300
290000 1000000 300
291000 1000000 300
292000 1000000 300
293000 1000000 300
294000 1000000 300
295000 1000000 300
296000 1000000 300
297000 1000000 300
298000 1000000 300
299000 1000000 300
300000 1000000 300
301000 1000000 300
302000 1000000 300
303000 1000000 300
304000 1000000 300
305000 1000000 300
306000 1000000 300
307000 1000000 300
308000 1000000 300
309000 1000000 300
310000 1000000 300
311000 1000000 300
312000 1000000 300
313000 1000000 300
314000 1000000 300
315000 1000000 300
316000 1000000 300
317000 1000000 300
318000 1000000 300
319000 1000000 300
320000 1000000 300
321000 1000000 300
322000 1000000 300
323000 1000000 300
324000 1000000 300
325000 1000000 300
326000 1000000 300
327000 1000000 300
328000 1000000 300
329000 1000000 300
330000 1000000 300
331000 1000000 300
332000 1000000 300
333000 1000000 300
334000 1000000 300
335000 1000000 300
336000 1000000 300
337000 1000000 300
338000 1000000 300
339000 1000000 300
340000 1000000 300
341000 1000000 300
342000 1000000 300
343000 1000000 300
344000 1000000 300
345000 1000000 300
346000 1000000 300
347000 1000000 300
348000 1000000 300
349000 1000000 300
350000 1000000 300
351000 1000000 300
352000 1000000 300
353000 1000000 300
354000 1000000 300
355000 1000000 300
356000 1000000 300
357000 1000000 300
358000 1000000 300
359000 1000000 300
360000 1000000 300
361000 1000000 300
362000 1000000 300
363000 1000000 300
364000 1000000 300
365000 1000000 300
366000 1000000 300
367000 1000000 300
368000 1000000 300
369000 1000000 300
370000 1000000 300
371000 1000000 300
372000 1000000 300
373000 1000000 300
374000 1000000 300
375000 1000000 300
376000 1000000 300
377000 1000000 300
378000 1000000 300
379000 1000000 300
380000 1000000 300
381000 1000000 300
382000 1000000 300
383000 1000000 300
384000 1000000 300
385000 1000000 300
386000 1000000 300
387000 1000000 300
388000 1000000 300
389000 1000000 300
390000 1000000 300
391000 1000000 300
392000 1000000 300
393000 1000000 300
394000 1000000 300
395000 1000000 300
396000 1000000 300
397000 1000000 300
398000 1000000 300
399000 1000000 300
400000 1000000 300
401000 1000000 300
402000 1000000 300
403000 1000000 300
404000 1000000 300
405000 1000000 300
406000 1000000 300
407000 1000000 300
408000 1000000 300
409000 1000000 300
410000 1000000 300
411000 1000000 300
412000 1000000 300
413000 1000000 300
414000 1000000 300
415000 1000000 300
416000 1000000 300
417000 1000000 300
418000 1000000 300
419000 1000000 300
420000 1000000 300
421000 1000000 300
422000 1000000 300
423000 1000000 300
424000 1000000 300
425000 1000000 300
426000 1000000 300
427000 1000000 300
428000 1000000 300
429000 1000000 300
430000 1000000 300
431000 1000000 300
432000 1000000 300
433000 1000000 300
434000 1000000 300
435000 1000000 300
436000 1000000 300
437000 1000000 300
438000 1000000 300
439000 1000000 300
440000 1000000 300
441000 1000000 300
442000 1000000 300
443000 1000000 300
444000 1000000 300
445000 1000000 300
446000 1000000 300
447000 1000000 300
448000 1000000 300
449000 1000000 300
450000 1000000 300
451000 1000000 300
452000 1000000 300
453000 1000000 300
454000 1000000 300
455000 1000000 300
456000 1000000 300
457000 1000000 300
458000 1000000 300
459000 1000000 300
460000 1000000 300
461000 1000000 300
462000 1000000 300
463000 1000000 300
464000 1000000 300
465000 1000000 300
466000 1000000 300
467000 1000000 300
468000 1000000 300
469000 1000000 300
470000 1000000 300
471000 1000000 300
472000 1000000 300
473000 1000000 300
474000 1000000 300
475000 1000000 300
476000 1000000 300
477000 1000000 300
478000 1000000 300
479000 1000000 300
480000 1000000 300
481000 1000000 300
482000 1000000 300
483000 1000000 300
484000 1000000 300
485000 1000000 300
486000 1000000 300
487000 1000000 300
488000 1000000 300
489000 1000000 300
490000 1000000 300
491000 1000000 300
492000 1000000 300
493000 1000000 300
494000 1000000 300
495000 1000000 300
496000 1000000 300
497000 1000000 300
498000 1000000 300
499000 1000000 300
0 0 100
1000 0 100
2000 0 100
3000 0 100
4000 0 100
5000 0 100
6000 0 100
7000 0 100
8000 0 100
9000 0 100
10000 0 100
11000 0 100
12000 0 100
13000 0 100
14000 0 100
15000 0 100
16000 0 100
17000 0 100
18000 0 100
19000 0 100
20000 0 100
21000 0 100
22000 0 100
23000 0 100
24000 0 100
25000 0 100
26000 0 100
27000 0 100
28000 0 100
29000 0 100
30000 0 100
31000 0 100
32000 0 100
33000 0 100
34000 0 100
35000 0 100
36000 0 100
37000 0 100
38000 0 100
39000 0 100
40000 0 100
41000 0 100
42000 0 100
43000 0 100
44000 0 100
45000 0 100
46000 0 100
47000 0 100
48000 0 100
49000 0 100
50000 0 100
51000 0 100
52000 0 100
53000 0 100
54000 0 100
55000 0 100
56000 0 100
57000 0 100
58000 0 100
59000 0 100
60000 0 100
61000 0 100
62000 0 100
63000 0 100
64000 0 100
65000 0 100
66000 0 100
67000 0 100
68000 0 100
69000 0 100
70000 0 100
71000 0 100
72000 0 100
73000 0 100
74000 0 100
75000 0 100
76000 0 100
77000 0 100
78000 0 100
79000 0 100
80000 0 100
81000 0 100
82000 0 100
83000 0 100
84000 0 100
85000 0 100
86000 0 100
87000 0 100
88000 0 100
89000 0 100
90000 0 100
91000 0 100
92000 0 100
93000 0 100
94000 0 100
95000 0 100
96000 0 100
97000 0 100
98000 0 100
99000 0 100
100000 0 100
101000 0 100
102000 0 100
103000 0 100
104000 0 100
105000 0 100
106000 0 100
107000 0 100
108000 0 100
109000 0 100
110000 0 100
111000 0 100
112000 0 100
113000 0 100
114000 0 100
115000 0 100
116000 0 100
117000 0 100
118000 0 100
119000 0 100
120000 0 100
121000 0 100
122000 0 100
123000 0 100
124000 0 100
125000 0 100
126000 0 100
127000 0 100
128000 0 100
129000 0 100
130000 0 100
131000 0 100
132000 0 100
133000 0 100
134000 0 100
135000 0 100
136000 0 100
137000 0 100
138000 0 100
139000 0 100
140000 0 100
141000 0 100
142000 0 100
143000 0 100
144000 0 100
145000 0 100
146000 0 100
147000 0 100
148000 0 100
149000 0 100
150000 0 100
151000 0 100
152000 0 100
153000 0 100
154000 0 100
155000 0 100
156000 0 100
157000 0 100
158000 0 100
159000 0 100
160000 0 100
161000 0 100
162000 0 100
163000 0 100
164000 0 100
165000 0 100
166000 0 100
167000 0 100
168000 0 100
169000 0 100
170000 0 100
171000 0 100
172000 0 100
173000 0 100
174000 0 100
175000 0 100
176000 0 100
177000 0 100
178000 0 100
179000 0 100
180000 0 100
181000 0 100
182000 0 100
183000 0 100
184000 0 100
185000 0 100
186000 0 100
187000 0 100
188000 0 100
189000 0 100
190000 0 100
191000 0 100
192000 0 100
193000 0 100
194000 0 100
195000 0 100
196000 0 100
197000 0 100
198000 0 100
199000 0 100
200000 0 100
201000 0 100
202000 0 100
203000 0 100
204000 0 100
205000 0 100
206000 0 100
207000 0 100
208000 0 100
209000 0 100
210000 0 100
211000 0 100
212000 0 100
213000 0 100
214000 0 100
215000 0 100
216000 0 100
217000 0 100
218000 0 100
219000 0 100
220000 0 100
221000 0 100
222000 0 100
223000 0 100
224000 0 100
225000 0 100
226000 0 100
227000 0 100
228000 0 100
229000 0 100
230000 0 100
231000 0 100
232000 0 100
233000 0 100
234000 0 100
235000 0 100
236000 0 100
237000 0 100
238000 0 100
239000 0 100
240000 0 100
241000 0 100
242000 0 100
243000 0 100
244000 0 100
245000 0 100
246000 0 100
247000 0 100
248000 0 100
249000 0 100
250000 0 100
251000 0 100
252000 0 100
253000 0 100
254000 0 100
255000 0 100
256000 0 100
257000 0 100
258000 0 100
259000 0 100
260000 0 100
261000 0 100
262000 0 100
263000 0 100
264000 0 100
265000 0 100
266000 0 100
267000 0 100
268000 0 100
269000 0 100
270000 0 100
271000 0 100
272000 0 100
273000 0 100
274000 0 100
275000 0 100
276000 0 100
277000 0 100
278000 0 100
279000 0 100
280000 0 100
281000 0 100
282000 0 100
283000 0 100
284000 0 100
285000 0 100
286000 0 100
287000 0 100
288000 0 100
289000 0 100
290000 0 100
291000 0 100
292000 0 100
293000 0 100
294000 0 100
295000 0 100
296000 0 100
297000 0 100
298000 0 100
299000 0 100
300000 0 100
301000 0 100
302000 0 100
303000 0 100
304000 0 100
305000 0 100
306000 0 100
307000 0 100
308000 0 100
309000 0 100
310000 0 100
311000 0 100
312000 0 100
313000 0 100
314000 0 100
315000 0 100
316000 0 100
317000 0 100
318000 0 100
319000 0 100
320000 0 100
321000 0 100
322000 0 100
323000 0 100
324000 0 100
325000 0 100
326000 0 100
327000 0 100
328000 0 100
329000 0 100
330000 0 100
331000 0 100
332000 0 100
333000 0 100
334000 0 100
335000 0 100
336000 0 100
337000 0 100
338000 0 100
339000 0 100
340000 0 100
341000 0 100
342000 0 100
343000 0 100
344000 0 100
345000 0 100
346000 0 100
347000 0 100
348000 0 100
349000 0 100
350000 0 100
351000 0 100
352000 0 100
353000 0 100
354000 0 100
355000 0 100
356000 0 100
357000 0 100
358000 0 100
359000 0 100
360000 0 100
361000 0 100
362000 0 100
363000 0 100
364000 0 100
365000 0 100
366000 0 100
367000 0 100
368000 0 100
369000 0 100
370000 0 100
371000 0 100
372000 0 100
373000 0 100
374000 0 100
375000 0 100
376000 0 100
377000 0 100
378000 0 100
379000 0 100
380000 0 100
381000 0 100
382000 0 100
383000 0 100
384000 0 100
385000 0 100
386000 0 100
387000 0 100
388000 0 100
389000 0 100
390000 0 100
391000 0 100
392000 0 100
393000 0 100
394000 0 100
395000 0 100
396000 0 100
397000 0 100
398000 0 100
399000 0 100
400000 0 100
401000 0 100
402000 0 100
403000 0 100
404000 0 100
405000 0 100
406000 0 100
407000 0 100
408000 0 100
409000 0 100
410000 0 100
411000 0 100
412000 0 100
413000 0 100
414000 0 100
415000 0 100
416000 0 100
417000 0 100
418000 0 100
419000 0 100
420000 0 100
421000 0 100
422000 0 100
423000 0 100
424000 0 100
425000 0 100
426000 0 100
427000 0 100
428000 0 100
429000 0 100
430000 0 100
431000 0 100
432000 0 100
433000 0 100
434000 0 100
435000 0 100
436000 0 100
437000 0 100
438000 0 100
439000 0 100
440000 0 100
441000 0 100
442000 0 100
443000 0 100
444000 0 100
445000 0 100
446000 0 100
447000 0 100
448000 0 100
449000 0 100
450000 0 100
451000 0 100
452000 0 100
453000 0 100
454000 0 100
455000 0 100
456000 0 100
457000 0 100
458000 0 100
459000 0 100
460000 0 100
461000 0 100
462000 0 100
463000 0 100
464000 0 100
465000 0 100
466000 0 100
467000 0 100
468000 0 100
469000 0 100
470000 0 100
471000 0 100
472000 0 100
473000 0 100
474000 0 100
475000 0 100
476000 0 100
477000 0 100
478000 0 100
479000 0 100
480000 0 100
481000 0 100
482000 0 100
483000 0 100
484000 0 100
485000 0 100
486000 0 100
487000 0 100
488000 0 100
489000 0 100
490000 0 100
491000 0 100
492000 0 100
493000 0 100
494000 0 100
495000 0 100
496000 0 100
497000 0 100
498000 0 100
499000 0 100
0 1000000 100
1000 1000000 100
2000 1000000 100
3000 1000000 100
4000 1000000 100
5000 1000000 100
6000 1000000 100
7000 1000000 100
8000 1000000 100
9000 1000000 100
10000 1000000 100
11000 1000000 100
12000 1000000 100
13000 1000000 100
14000 1000000 100
15000 1000000 100
16000 1000000 100
17000 1000000 100
18000 1000000 100
19000 1000000 100
20000 1000000 100
21000 1000000 100
22000 1000000 100
23000 1000000 100
24000 1000000 100
25000 1000000 100
26000 1000000 100
27000 1000000 100
28000 1000000 100
29000 1000000 100
30000 1000000 100
31000 1000000 100
32000 1000000 100
33000 1000000 100
34000 1000000 100
35000 1000000 100
36000 1000000 100
37000 1000000 100
38000 1000000 100
39000 1000000 100
40000 1000000 100
41000 1000000 100
42000 1000000 100
43000 1000000 100
44000 1000000 100
45000 1000000 100
46000 1000000 100
47000 1000000 100
48000 1000000 100
49000 1000000 100
50000 1000000 100
51000 1000000 100
52000 1000000 100
53000 1000000 100
54000 1000000 100
55000 1000000 100
56000 1000000 100
57000 1000000 100
58000 1000000 100
59000 1000000 100
60000 1000000 100
61000 1000000 100
62000 1000000 100
63000 1000000 100
64000 1000000 100
65000 1000000 100
66000 1000000 100
67000 1000000 100
68000 1000000 100
69000 1000000 100
70000 1000000 100
71000 1000000 100
72000 1000000 100
73000 1000000 100
74000 1000000 100
75000 1000000 100
76000 1000000 100
77000 1000000 100
78000 1000000 100
79000 1000000 100
80000 1000000 100
81000 1000000 100
82000 1000000 100
83000 1000000 100
84000 1000000 100
85000 1000000 100
86000 1000000 100
87000 1000000 100
88000 1000000 100
89000 1000000 100
90000 1000000 100
91000 1000000 100
92000 1000000 100
93000 1000000 100
94000 1000000 100
95000 1000000 100
96000 1000000 100
97000 1000000 100
98000 1000000 100
99000 1000000 100
100000 1000000 100
101000 1000000 100
102000 1000000 100
103000 1000000 100
104000 1000000 100
105000 1000000 100
106000 1000000 100
107000 1000000 100
108000 1000000 100
109000 1000000 100
110000 1000000 100
111000 1000000 100
112000 1000000 100
113000 1000000 100
114000 1000000 100
115000 1000000 100
116000 1000000 100
117000 1000000 100
118000 1000000 100
119000 1000000 100
120000 1000000 100
121000 1000000 100
122000 1000000 100
123000 1000000 100
124000 1000000 100
125000 1000000 100
126000 1000000 100
127000 1000000 100
128000 1000000 100
129000 1000000 100
130000 1000000 100
131000 1000000 100
132000 1000000 100
133000 1000000 100
134000 1000000 100
135000 1000000 100
136000 1000000 100
137000 1000000 100
138000 1000000 100
139000 1000000 100
140000 1000000 100
141000 1000000 100
142000 1000000 100
143000 1000000 100
144000 1000000 100
145000 1000000 100
146000 1000000 100
147000 1000000 100
148000 1000000 100
149000 1000000 100
150000 1000000 100
151000 1000000 100
152000 1000000 100
153000 1000000 100
154000 1000000 100
155000 1000000 100
156000 1000000 100
157000 1000000 100
158000 1000000 100
159000 1000000 100
160000 1000000 100
161000 1000000 100
162000 1000000 100
163000 1000000 100
164000 1000000 100
165000 1000000 100
166000 1000000 100
167000 1000000 100
168000 1000000 100
169000 1000000 100
170000 1000000 100
171000 1000000 100
172000 1000000 100
173000 1000000 100
174000 1000000 100
175000 1000000 100
176000 1000000 100
177000 1000000 100
178000 1000000 100
179000 1000000 100
180000 1000000 100
181000 1000000 100
182000 1000000 100
183000 1000000 100
184000 1000000 100
185000 1000000 100
186000 1000000 100
187000 1000000 100
188000 1000000 100
189000 1000000 100
190000 1000000 100
191000 1000000 100
192000 1000000 100
193000 1000000 100
194000 1000000 100
195000 1000000 100
196000 1000000 100
197000 1000000 100
198000 1000000 100
199000 1000000 100
200000 1000000 100
201000 1000000 100
202000 1000000 100
203000 1000000 100
204000 1000000 100
205000 1000000 100
206000 1000000 100
207000 1000000 100
208000 1000000 100
209000 1000000 100
210000 1000000 100
211000 1000000 100
212000 1000000 100
213000 1000000 100
214000 1000000 100
215000 1000000 100
216000 1000000 100
217000 1000000 100
218000 1000000 100
219000 1000000 100
220000 1000000 100
221000 1000000 100
222000 1000000 100
223000 1000000 100
224000 1000000 100
225000 1000000 100
226000 1000000 100
227000 1000000 100
228000 1000000 100
229000 1000000 100
230000 1000000 100
231000 1000000 100
232000 1000000 100
233000 1000000 100
234000 1000000 100
235000 1000000 100
236000 1000000 100
237000 1000000 100
238000 1000000 100
239000 1000000 100
240000 1000000 100
241000 1000000 100
242000 1000000 100
243000 1000000 100
244000 1000000 100
245000 1000000 100
246000 1000000 100
247000 1000000 100
248000 1000000 100
249000 1000000 100
250000 1000000 100
251000 1000000 100
252000 1000000 100
253000 1000000 100
254000 1000000 100
255000 1000000 100
256000 1000000 100
257000 1000000 100
258000 1000000 100
259000 1000000 100
260000 1000000 100
261000 1000000 100
262000 1000000 100
263000 1000000 100
264000 1000000 100
265000 1000000 100
266000 1000000 100
267000 1000000 100
268000 1000000 100
269000 1000000 100
270000 1000000 100
271000 1000000 100
272000 1000000 100
273000 1000000 100
274000 1000000 100
275000 1000000 100
276000 1000000 100
277000 1000000 100
278000 1000000 100
279000 1000000 100
280000 1000000 100
281000 1000000 100
282000 1000000 100
283000 1000000 100
284000 1000000 100
285000 1000000 100
286000 1000000 100
287000 1000000 100
288000 1000000 100
289000 1000000 100
290000 1000000 100
291000 1000000 100
292000 1000000 100
293000 1000000 100
294000 1000000 100
295000 1000000 100
296000 1000000 100
297000 1000000 100
298000 1000000 100
299000 1000000 100
300000 1000000 100
301000 1000000 100
302000 1000000 100
303000 1000000 100
304000 1000000 100
305000 1000000 100
306000 1000000 100
307000 1000000 100
308000 1000000 100
309000 1000000 100
310000 1000000 100
311000 1000000 100
312000 1000000 100
313000 1000000 100
314000 1000000 100
315000 1000000 100
316000 1000000 100
317000 1000000 100
318000 1000000 100
319000 1000000 100
320000 1000000 100
321000 1000000 100
322000 1000000 100
323000 1000000 100
324000 1000000 100
325000 1000000 100
326000 1000000 100
327000 1000000 100
328000 1000000 100
329000 1000000 100
330000 1000000 100
331000 1000000 100
332000 1000000 100
333000 1000000 100
334000 1000000 100
335000 1000000 100
336000 1000000 100
337000 1000000 100
338000 1000000 100
339000 1000000 100
340000 1000000 100
341000 1000000 100
342000 1000000 100
343000 1000000 100
344000 1000000 100
345000 1000000 100
346000 1000000 100
347000 1000000 100
348000 1000000 100
349000 1000000 100
350000 1000000 100
351000 1000000 100
352000 1000000 100
353000 1000000 100
354000 1000000 100
355000 1000000 100
356000 1000000 100
357000 1000000 100
358000 1000000 100
359000 1000000 100
360000 1000000 100
361000 1000000 100
362000 1000000 100
363000 1000000 100
364000 1000000 100
365000 1000000 100
366000 1000000 100
367000 1000000 100
368000 1000000 100
369000 1000000 100
370000 1000000 100
371000 1000000 100
372000 1000000 100
373000 1000000 100
374000 1000000 100
375000 1000000 100
376000 1000000 100
377000 1000000 100
378000 1000000 100
379000 1000000 100
380000 1000000 100
381000 1000000 100
382000 1000000 100
383000 1000000 100
384000 1000000 100
385000 1000000 100
386000 1000000 100
387000 1000000 100
388000 1000000 100
389000 1000000 100
390000 1000000 100
391000 1000000 100
392000 1000000 100
393000 1000000 100
394000 1000000 100
395000 1000000 100
396000 1000000 100
397000 1000000 100
398000 1000000 100
399000 1000000 100
400000 1000000 100
401000 1000000 100
402000 1000000 100
403000 1000000 100
404000 1000000 100
405000 1000000 100
406000 1000000 100
407000 1000000 100
408000 1000000 100
409000 1000000 100
410000 1000000 100
411000 1000000 100
412000 1000000 100
413000 1000000 100
414000 1000000 100
415000 1000000 100
416000 1000000 100
417000 1000000 100
418000 1000000 100
419000 1000000 100
420000 1000000 100
421000 1000000 100
422000 1000000 100
423000 1000000 100
424000 1000000 100
425000 1000000 100
426000 1000000 100
427000 1000000 100
428000 1000000 100
429000 1000000 100
430000 1000000 100
431000 1000000 100
432000 1000000 100
433000 1000000 100
434000 1000000 100
435000 1000000 100
436000 1000000 100
437000 1000000 100
438000 1000000 100
439000 1000000 100
440000 1000000 100
441000 1000000 100
442000 1000000 100
443000 1000000 100
444000 1000000 100
445000 1000000 100
446000 1000000 100
447000 1000000 100
448000 1000000 100
449000 1000000 100
450000 1000000 100
451000 1000000 100
452000 1000000 100
453000 1000000 100
454000 1000000 100
455000 1000000 100
456000 1000000 100
457000 1000000 100
458000 1000000 100
459000 1000000 100
460000 1000000 100
461000 1000000 100
462000 1000000 100
463000 1000000 100
464000 1000000 100
465000 1000000 100
466000 1000000 100
467000 1000000 100
468000 1000000 100
469000 1000000 100
470000 1000000 100
471000 1000000 100
472000 1000000 100
473000 1000000 100
474000 1000000 100
475000 1000000 100
476000 1000000 100
477000 1000000 100
478000 1000000 100
479000 1000000 100
480000 1000000 100
481000 1000000 100
482000 1000000 100
483000 1000000 100
484000 1000000 100
485000 1000000 100
486000 1000000 100
487000 1000000 100
488000 1000000 100
489000 1000000 100
490000 1000000 100
491000 1000000 100
492000 1000000 100
493000 1000000 100
494000 1000000 100
495000 1000000 100
496000 1000000 100
497000 1000000 100
498000 1000000 100
499000 1000000 100
