1000 1000 1000
0 0 300
1000 0 300
2000 0 300
3000 0 300
4000 0 300
5000 0 300
6000 0 300
7000 0 300
8000 0 300
9000 0 300
10000 0 300
11000 0 300
12000 0 300
13000 0 300
14000 0 300
15000 0 300
16000 0 300
17000 0 300
18000 0 300
19000 0 300
20000 0 300
21000 0 300
22000 0 300
23000 0 300
24000 0 300
25000 0 300
26000 0 300
27000 0 300
28000 0 300
29000 0 300
30000 0 300
31000 0 300
32000 0 300
33000 0 300
34000 0 300
35000 0 300
36000 0 300
37000 0 300
38000 0 300
39000 0 300
40000 0 300
41000 0 300
42000 0 300
43000 0 300
44000 0 300
45000 0 300
46000 0 300
47000 0 300
48000 0 300
49000 0 300
0 1000000 300
1000 1000000 300
2000 1000000 300
3000 1000000 300
4000 1000000 300
5000 1000000 300
6000 1000000 300
7000 1000000 300
8000 1000000 300
9000 1000000 300
10000 1000000 300
11000 1000000 300
12000 1000000 300
13000 1000000 300
14000 1000000 300
15000 1000000 300
16000 1000000 300
17000 1000000 300
18000 1000000 300
19000 1000000 300
20000 1000000 300
21000 1000000 300
22000 1000000 300
23000 1000000 300
24000 1000000 300
25000 1000000 300
26000 1000000 300
27000 1000000 300
28000 1000000 300
29000 1000000 300
30000 1000000 300
31000 1000000 300
32000 1000000 300
33000 1000000 300
34000 1000000 300
35000 1000000 300
36000 1000000 300
37000 1000000 300
38000 1000000 300
39000 1000000 300
40000 1000000 300
41000 1000000 300
42000 1000000 300
43000 1000000 300
44000 1000000 300
45000 1000000 300
46000 1000000 300
47000 1000000 300
48000 1000000 300
49000 1000000 300
50000 1000000 300
51000 1000000 300
52000 1000000 300
53000 1000000 300
54000 1000000 300
55000 1000000 300
56000 1000000 300
57000 1000000 300
58000 1000000 300
59000 1000000 300
60000 1000000 300
61000 1000000 300
62000 1000000 300
63000 1000000 300
64000 1000000 300
65000 1000000 300
66000 1000000 300
67000 1000000 300
68000 1000000 300
69000 1000000 300
70000 1000000 300
71000 1000000 300
72000 1000000 300
73000 1000000 300
74000 1000000 300
75000 1000000 300
76000 1000000 300
77000 1000000 300
78000 1000000 300
79000 1000000 300
80000 1000000 300
81000 1000000 300
82000 1000000 300
83000 1000000 300
84000 1000000 300
85000 1000000 300
86000 1000000 300
87000 1000000 300
88000 1000000 300
89000 1000000 300
90000 1000000 300
91000 1000000 300
92000 1000000 300
93000 1000000 300
94000 1000000 300
95000 1000000 300
96000 1000000 300
97000 1000000 300
98000 1000000 300
99000 1000000 300
100000 1000000 300
101000 1000000 300
102000 1000000 300
103000 1000000 300
104000 1000000 300
105000 1000000 300
106000 1000000 300
107000 1000000 300
108000 1000000 300
109000 1000000 300
110000 1000000 300
111000 1000000 300
112000 1000000 300
113000 1000000 300
114000 1000000 300
115000 1000000 300
116000 1000000 300
117000 1000000 300
118000 1000000 300
119000 1000000 300
120000 1000000 300
121000 1000000 300
122000 1000000 300
123000 1000000 300
124000 1000000 300
125000 1000000 300
126000 1000000 300
127000 1000000 300
128000 1000000 300
129000 1000000 300
130000 1000000 300
131000 1000000 300
132000 1000000 300
133000 1000000 300
134000 1000000 300
135000 1000000 300
136000 1000000 300
137000 1000000 300
138000 1000000 300
139000 1000000 300
140000 1000000 300
141000 1000000 300
142000 1000000 300
143000 1000000 300
144000 1000000 300
145000 1000000 300
146000 1000000 300
147000 1000000 300
148000 1000000 300
149000 1000000 300
150000 1000000 300
151000 1000000 300
152000 1000000 300
153000 1000000 300
154000 1000000 300
155000 1000000 300
156000 1000000 300
157000 1000000 300
158000 1000000 300
159000 1000000 300
160000 1000000 300
161000 1000000 300
162000 1000000 300
163000 1000000 300
164000 1000000 300
165000 1000000 300
166000 1000000 300
167000 1000000 300
168000 1000000 300
169000 1000000 300
170000 1000000 300
171000 1000000 300
172000 1000000 300
173000 1000000 300
174000 1000000 300
175000 1000000 300
176000 1000000 300
177000 1000000 300
178000 1000000 300
179000 1000000 300
180000 1000000 300
181000 1000000 300
182000 1000000 300
183000 1000000 300
184000 1000000 300
185000 1000000 300
186000 1000000 300
187000 1000000 300
188000 1000000 300
189000 1000000 300
190000 1000000 300
191000 1000000 300
192000 1000000 300
193000 1000000 300
194000 1000000 300
195000 1000000 300
196000 1000000 300
197000 1000000 300
198000 1000000 300
199000 1000000 300
200000 1000000 300
201000 1000000 300
202000 1000000 300
203000 1000000 300
204000 1000000 300
205000 1000000 300
206000 1000000 300
207000 1000000 300
208000 1000000 300
209000 1000000 300
210000 1000000 300
211000 1000000 300
212000 1000000 300
213000 1000000 300
214000 1000000 300
215000 1000000 300
216000 1000000 300
217000 1000000 300
218000 1000000 300
219000 1000000 300
220000 1000000 300
221000 1000000 300
222000 1000000 300
223000 1000000 300
224000 1000000 300
225000 1000000 300
226000 1000000 300
227000 1000000 300
228000 1000000 300
229000 1000000 300
230000 1000000 300
231000 1000000 300
232000 1000000 300
233000 1000000 300
234000 1000000 300
235000 1000000 300
236000 1000000 300
237000 1000000 300
238000 1000000 300
239000 1000000 300
240000 1000000 300
241000 1000000 300
242000 1000000 300
243000 1000000 300
244000 1000000 300
245000 1000000 300
246000 1000000 300
247000 1000000 300
248000 1000000 300
249000 1000000 300
250000 1000000 300
251000 1000000 300
252000 1000000 300
253000 1000000 300
254000 1000000 300
255000 1000000 300
256000 1000000 300
257000 1000000 300
258000 1000000 300
259000 1000000 300
260000 1000000 300
261000 1000000 300
262000 1000000 300
263000 1000000 300
264000 1000000 300
265000 1000000 300
266000 1000000 300
267000 1000000 300
268000 1000000 300
269000 1000000 300
270000 1000000 300
271000 1000000 300
272000 1000000 300
273000 1000000 300
274000 1000000 300
275000 1000000 300
276000 1000000 300
277000 1000000 300
278000 1000000 300
279000 1000000 300
280000 1000000 300
281000 1000000 300
282000 1000000 300
283000 1000000 300
284000 1000000 300
285000 1000000 300
286000 1000000 300
287000 1000000 300
288000 1000000 300
289000 1000000 300
290000 1000000 300
291000 1000000 300
292000 1000000 300
293000 1000000 300
294000 1000000 300
295000 1000000 300
296000 1000000 300
297000 1000000 300
298000 1000000 300
299000 1000000 300
300000 1000000 300
301000 1000000 300
302000 1000000 300
303000 1000000 300
304000 1000000 300
305000 1000000 300
306000 1000000 300
307000 1000000 300
308000 1000000 300
309000 1000000 300
310000 1000000 300
311000 1000000 300
312000 1000000 300
313000 1000000 300
314000 1000000 300
315000 1000000 300
316000 1000000 300
317000 1000000 300
318000 1000000 300
319000 1000000 300
320000 1000000 300
321000 1000000 300
322000 1000000 300
323000 1000000 300
324000 1000000 300
325000 1000000 300
326000 1000000 300
327000 1000000 300
328000 1000000 300
329000 1000000 300
330000 1000000 300
331000 1000000 300
332000 1000000 300
333000 1000000 300
334000 1000000 300
335000 1000000 300
336000 1000000 300
337000 1000000 300
338000 1000000 300
339000 1000000 300
340000 1000000 300
341000 1000000 300
342000 1000000 300
343000 1000000 300
344000 1000000 300
345000 1000000 300
346000 1000000 300
347000 1000000 300
348000 1000000 300
349000 1000000 300
350000 1000000 300
351000 1000000 300
352000 1000000 300
353000 1000000 300
354000 1000000 300
355000 1000000 300
356000 1000000 300
357000 1000000 300
358000 1000000 300
359000 1000000 300
360000 1000000 300
361000 1000000 300
362000 1000000 300
363000 1000000 300
364000 1000000 300
365000 1000000 300
366000 1000000 300
367000 1000000 300
368000 1000000 300
369000 1000000 300
370000 1000000 300
371000 1000000 300
372000 1000000 300
373000 1000000 300
374000 1000000 300
375000 1000000 300
376000 1000000 300
377000 1000000 300
378000 1000000 300
379000 1000000 300
380000 1000000 300
381000 1000000 300
382000 1000000 300
383000 1000000 300
384000 1000000 300
385000 1000000 300
386000 1000000 300
387000 1000000 300
388000 1000000 300
389000 1000000 300
390000 1000000 300
391000 1000000 300
392000 1000000 300
393000 1000000 300
394000 1000000 300
395000 1000000 300
396000 1000000 300
397000 1000000 300
398000 1000000 300
399000 1000000 300
400000 1000000 300
401000 1000000 300
402000 1000000 300
403000 1000000 300
404000 1000000 300
405000 1000000 300
406000 1000000 300
407000 1000000 300
408000 1000000 300
409000 1000000 300
410000 1000000 300
411000 1000000 300
412000 1000000 300
413000 1000000 300
414000 1000000 300
415000 1000000 300
416000 1000000 300
417000 1000000 300
418000 1000000 300
419000 1000000 300
420000 1000000 300
421000 1000000 300
422000 1000000 300
423000 1000000 300
424000 1000000 300
425000 1000000 300
426000 1000000 300
427000 1000000 300
428000 1000000 300
429000 1000000 300
430000 1000000 300
431000 1000000 300
432000 1000000 300
433000 1000000 300
434000 1000000 300
435000 1000000 300
436000 1000000 300
437000 1000000 300
438000 1000000 300
439000 1000000 300
440000 1000000 300
441000 1000000 300
442000 1000000 300
443000 1000000 300
444000 1000000 300
445000 1000000 300
446000 1000000 300
447000 1000000 300
448000 1000000 300
449000 1000000 300
450000 1000000 300
451000 1000000 300
452000 1000000 300
453000 1000000 300
454000 1000000 300
455000 1000000 300
456000 1000000 300
457000 1000000 300
458000 1000000 300
459000 1000000 300
460000 1000000 300
461000 1000000 300
462000 1000000 300
463000 1000000 300
464000 1000000 300
465000 1000000 300
466000 1000000 300
467000 1000000 300
468000 1000000 300
469000 1000000 300
470000 1000000 300
471000 1000000 300
472000 1000000 300
473000 1000000 300
474000 1000000 300
475000 1000000 300
476000 1000000 300
477000 1000000 300
478000 1000000 300
479000 1000000 300
480000 1000000 300
481000 1000000 300
482000 1000000 300
483000 1000000 300
484000 1000000 300
485000 1000000 300
486000 1000000 300
487000 1000000 300
488000 1000000 300
489000 1000000 300
490000 1000000 300
491000 1000000 300
492000 1000000 300
493000 1000000 300
494000 1000000 300
495000 1000000 300
496000 1000000 300
497000 1000000 300
498000 1000000 300
499000 1000000 300
500000 1000000 300
501000 1000000 300
502000 1000000 300
503000 1000000 300
504000 1000000 300
505000 1000000 300
506000 1000000 300
507000 1000000 300
508000 1000000 300
509000 1000000 300
510000 1000000 300
511000 1000000 300
512000 1000000 300
513000 1000000 300
514000 1000000 300
515000 1000000 300
516000 1000000 300
517000 1000000 300
518000 1000000 300
519000 1000000 300
520000 1000000 300
521000 1000000 300
522000 1000000 300
523000 1000000 300
524000 1000000 300
525000 1000000 300
526000 1000000 300
527000 1000000 300
528000 1000000 300
529000 1000000 300
530000 1000000 300
531000 1000000 300
532000 1000000 300
533000 1000000 300
534000 1000000 300
535000 1000000 300
536000 1000000 300
537000 1000000 300
538000 1000000 300
539000 1000000 300
540000 1000000 300
541000 1000000 300
542000 1000000 300
543000 1000000 300
544000 1000000 300
545000 1000000 300
546000 1000000 300
547000 1000000 300
548000 1000000 300
549000 1000000 300
550000 1000000 300
551000 1000000 300
552000 1000000 300
553000 1000000 300
554000 1000000 300
555000 1000000 300
556000 1000000 300
557000 1000000 300
558000 1000000 300
559000 1000000 300
560000 1000000 300
561000 1000000 300
562000 1000000 300
563000 1000000 300
564000 1000000 300
565000 1000000 300
566000 1000000 300
567000 1000000 300
568000 1000000 300
569000 1000000 300
570000 1000000 300
571000 1000000 300
572000 1000000 300
573000 1000000 300
574000 1000000 300
575000 1000000 300
576000 1000000 300
577000 1000000 300
578000 1000000 300
579000 1000000 300
580000 1000000 300
581000 1000000 300
582000 1000000 300
583000 1000000 300
584000 1000000 300
585000 1000000 300
586000 1000000 300
587000 1000000 300
588000 1000000 300
589000 1000000 300
590000 1000000 300
591000 1000000 300
592000 1000000 300
593000 1000000 300
594000 1000000 300
595000 1000000 300
596000 1000000 300
597000 1000000 300
598000 1000000 300
599000 1000000 300
600000 1000000 300
601000 1000000 300
602000 1000000 300
603000 1000000 300
604000 1000000 300
605000 1000000 300
606000 1000000 300
607000 1000000 300
608000 1000000 300
609000 1000000 300
610000 1000000 300
611000 1000000 300
612000 1000000 300
613000 1000000 300
614000 1000000 300
615000 1000000 300
616000 1000000 300
617000 1000000 300
618000 1000000 300
619000 1000000 300
620000 1000000 300
621000 1000000 300
622000 1000000 300
623000 1000000 300
624000 1000000 300
625000 1000000 300
626000 1000000 300
627000 1000000 300
628000 1000000 300
629000 1000000 300
630000 1000000 300
631000 1000000 300
632000 1000000 300
633000 1000000 300
634000 1000000 300
635000 1000000 300
636000 1000000 300
637000 1000000 300
638000 1000000 300
639000 1000000 300
640000 1000000 300
641000 1000000 300
642000 1000000 300
643000 1000000 300
644000 1000000 300
645000 1000000 300
646000 1000000 300
647000 1000000 300
648000 1000000 300
649000 1000000 300
650000 1000000 300
651000 1000000 300
652000 1000000 300
653000 1000000 300
654000 1000000 300
655000 1000000 300
656000 1000000 300
657000 1000000 300
658000 1000000 300
659000 1000000 300
660000 1000000 300
661000 1000000 300
662000 1000000 300
663000 1000000 300
664000 1000000 300
665000 1000000 300
666000 1000000 300
667000 1000000 300
668000 1000000 300
669000 1000000 300
670000 1000000 300
671000 1000000 300
672000 1000000 300
673000 1000000 300
674000 1000000 300
675000 1000000 300
676000 1000000 300
677000 1000000 300
678000 1000000 300
679000 1000000 300
680000 1000000 300
681000 1000000 300
682000 1000000 300
683000 1000000 300
684000 1000000 300
685000 1000000 300
686000 1000000 300
687000 1000000 300
688000 1000000 300
689000 1000000 300
690000 1000000 300
691000 1000000 300
692000 1000000 300
693000 1000000 300
694000 1000000 300
695000 1000000 300
696000 1000000 300
697000 1000000 300
698000 1000000 300
699000 1000000 300
700000 1000000 300
701000 1000000 300
702000 1000000 300
703000 1000000 300
704000 1000000 300
705000 1000000 300
706000 1000000 300
707000 1000000 300
708000 1000000 300
709000 1000000 300
710000 1000000 300
711000 1000000 300
712000 1000000 300
713000 1000000 300
714000 1000000 300
715000 1000000 300
716000 1000000 300
717000 1000000 300
718000 1000000 300
719000 1000000 300
720000 1000000 300
721000 1000000 300
722000 1000000 300
723000 1000000 300
724000 1000000 300
725000 1000000 300
726000 1000000 300
727000 1000000 300
728000 1000000 300
729000 1000000 300
730000 1000000 300
731000 1000000 300
732000 1000000 300
733000 1000000 300
734000 1000000 300
735000 1000000 300
736000 1000000 300
737000 1000000 300
738000 1000000 300
739000 1000000 300
740000 1000000 300
741000 1000000 300
742000 1000000 300
743000 1000000 300
744000 1000000 300
745000 1000000 300
746000 1000000 300
747000 1000000 300
748000 1000000 300
749000 1000000 300
750000 1000000 300
751000 1000000 300
752000 1000000 300
753000 1000000 300
754000 1000000 300
755000 1000000 300
756000 1000000 300
757000 1000000 300
758000 1000000 300
759000 1000000 300
760000 1000000 300
761000 1000000 300
762000 1000000 300
763000 1000000 300
764000 1000000 300
765000 1000000 300
766000 1000000 300
767000 1000000 300
768000 1000000 300
769000 1000000 300
770000 1000000 300
771000 1000000 300
772000 1000000 300
773000 1000000 300
774000 1000000 300
775000 1000000 300
776000 1000000 300
777000 1000000 300
778000 1000000 300
779000 1000000 300
780000 1000000 300
781000 1000000 300
782000 1000000 300
783000 1000000 300
784000 1000000 300
785000 1000000 300
786000 1000000 300
787000 1000000 300
788000 1000000 300
789000 1000000 300
790000 1000000 300
791000 1000000 300
792000 1000000 300
793000 1000000 300
794000 1000000 300
795000 1000000 300
796000 1000000 300
797000 1000000 300
798000 1000000 300
799000 1000000 300
800000 1000000 300
801000 1000000 300
802000 1000000 300
803000 1000000 300
804000 1000000 300
805000 1000000 300
806000 1000000 300
807000 1000000 300
808000 1000000 300
809000 1000000 300
810000 1000000 300
811000 1000000 300
812000 1000000 300
813000 1000000 300
814000 1000000 300
815000 1000000 300
816000 1000000 300
817000 1000000 300
818000 1000000 300
819000 1000000 300
820000 1000000 300
821000 1000000 300
822000 1000000 300
823000 1000000 300
824000 1000000 300
825000 1000000 300
826000 1000000 300
827000 1000000 300
828000 1000000 300
829000 1000000 300
830000 1000000 300
831000 1000000 300
832000 1000000 300
833000 1000000 300
834000 1000000 300
835000 1000000 300
836000 1000000 300
837000 1000000 300
838000 1000000 300
839000 1000000 300
840000 1000000 300
841000 1000000 300
842000 1000000 300
843000 1000000 300
844000 1000000 300
845000 1000000 300
846000 1000000 300
847000 1000000 300
848000 1000000 300
849000 1000000 300
850000 1000000 300
851000 1000000 300
852000 1000000 300
853000 1000000 300
854000 1000000 300
855000 1000000 300
856000 1000000 300
857000 1000000 300
858000 1000000 300
859000 1000000 300
860000 1000000 300
861000 1000000 300
862000 1000000 300
863000 1000000 300
864000 1000000 300
865000 1000000 300
866000 1000000 300
867000 1000000 300
868000 1000000 300
869000 1000000 300
870000 1000000 300
871000 1000000 300
872000 1000000 300
873000 1000000 300
874000 1000000 300
875000 1000000 300
876000 1000000 300
877000 1000000 300
878000 1000000 300
879000 1000000 300
880000 1000000 300
881000 1000000 300
882000 1000000 300
883000 1000000 300
884000 1000000 300
885000 1000000 300
886000 1000000 300
887000 1000000 300
888000 1000000 300
889000 1000000 300
890000 1000000 300
891000 1000000 300
892000 1000000 300
893000 1000000 300
894000 1000000 300
895000 1000000 300
896000 1000000 300
897000 1000000 300
898000 1000000 300
899000 1000000 300
900000 1000000 300
901000 1000000 300
902000 1000000 300
903000 1000000 300
904000 1000000 300
905000 1000000 300
906000 1000000 300
907000 1000000 300
908000 1000000 300
909000 1000000 300
910000 1000000 300
911000 1000000 300
912000 1000000 300
913000 1000000 300
914000 1000000 300
915000 1000000 300
916000 1000000 300
917000 1000000 300
918000 1000000 300
919000 1000000 300
920000 1000000 300
921000 1000000 300
922000 1000000 300
923000 1000000 300
924000 1000000 300
925000 1000000 300
926000 1000000 300
927000 1000000 300
928000 1000000 300
929000 1000000 300
930000 1000000 300
931000 1000000 300
932000 1000000 300
933000 1000000 300
934000 1000000 300
935000 1000000 300
936000 1000000 300
937000 1000000 300
938000 1000000 300
939000 1000000 300
940000 1000000 300
941000 1000000 300
942000 1000000 300
943000 1000000 300
944000 1000000 300
945000 1000000 300
946000 1000000 300
947000 1000000 300
948000 1000000 300
949000 1000000 300
0 0 100
1000 0 100
2000 0 100
3000 0 100
4000 0 100
5000 0 100
6000 0 100
7000 0 100
8000 0 100
9000 0 100
10000 0 100
11000 0 100
12000 0 100
13000 0 100
14000 0 100
15000 0 100
16000 0 100
17000 0 100
18000 0 100
19000 0 100
20000 0 100
21000 0 100
22000 0 100
23000 0 100
24000 0 100
25000 0 100
26000 0 100
27000 0 100
28000 0 100
29000 0 100
30000 0 100
31000 0 100
32000 0 100
33000 0 100
34000 0 100
35000 0 100
36000 0 100
37000 0 100
38000 0 100
39000 0 100
40000 0 100
41000 0 100
42000 0 100
43000 0 100
44000 0 100
45000 0 100
46000 0 100
47000 0 100
48000 0 100
49000 0 100
0 1000000 100
1000 1000000 100
2000 1000000 100
3000 1000000 100
4000 1000000 100
5000 1000000 100
6000 1000000 100
7000 1000000 100
8000 1000000 100
9000 1000000 100
10000 1000000 100
11000 1000000 100
12000 1000000 100
13000 1000000 100
14000 1000000 100
15000 1000000 100
16000 1000000 100
17000 1000000 100
18000 1000000 100
19000 1000000 100
20000 1000000 100
21000 1000000 100
22000 1000000 100
23000 1000000 100
24000 1000000 100
25000 1000000 100
26000 1000000 100
27000 1000000 100
28000 1000000 100
29000 1000000 100
30000 1000000 100
31000 1000000 100
32000 1000000 100
33000 1000000 100
34000 1000000 100
35000 1000000 100
36000 1000000 100
37000 1000000 100
38000 1000000 100
39000 1000000 100
40000 1000000 100
41000 1000000 100
42000 1000000 100
43000 1000000 100
44000 1000000 100
45000 1000000 100
46000 1000000 100
47000 1000000 100
48000 1000000 100
49000 1000000 100
50000 1000000 100
51000 1000000 100
52000 1000000 100
53000 1000000 100
54000 1000000 100
55000 1000000 100
56000 1000000 100
57000 1000000 100
58000 1000000 100
59000 1000000 100
60000 1000000 100
61000 1000000 100
62000 1000000 100
63000 1000000 100
64000 1000000 100
65000 1000000 100
66000 1000000 100
67000 1000000 100
68000 1000000 100
69000 1000000 100
70000 1000000 100
71000 1000000 100
72000 1000000 100
73000 1000000 100
74000 1000000 100
75000 1000000 100
76000 1000000 100
77000 1000000 100
78000 1000000 100
79000 1000000 100
80000 1000000 100
81000 1000000 100
82000 1000000 100
83000 1000000 100
84000 1000000 100
85000 1000000 100
86000 1000000 100
87000 1000000 100
88000 1000000 100
89000 1000000 100
90000 1000000 100
91000 1000000 100
92000 1000000 100
93000 1000000 100
94000 1000000 100
95000 1000000 100
96000 1000000 100
97000 1000000 100
98000 1000000 100
99000 1000000 100
100000 1000000 100
101000 1000000 100
102000 1000000 100
103000 1000000 100
104000 1000000 100
105000 1000000 100
106000 1000000 100
107000 1000000 100
108000 1000000 100
109000 1000000 100
110000 1000000 100
111000 1000000 100
112000 1000000 100
113000 1000000 100
114000 1000000 100
115000 1000000 100
116000 1000000 100
117000 1000000 100
118000 1000000 100
119000 1000000 100
120000 1000000 100
121000 1000000 100
122000 1000000 100
123000 1000000 100
124000 1000000 100
125000 1000000 100
126000 1000000 100
127000 1000000 100
128000 1000000 100
129000 1000000 100
130000 1000000 100
131000 1000000 100
132000 1000000 100
133000 1000000 100
134000 1000000 100
135000 1000000 100
136000 1000000 100
137000 1000000 100
138000 1000000 100
139000 1000000 100
140000 1000000 100
141000 1000000 100
142000 1000000 100
143000 1000000 100
144000 1000000 100
145000 1000000 100
146000 1000000 100
147000 1000000 100
148000 1000000 100
149000 1000000 100
150000 1000000 100
151000 1000000 100
152000 1000000 100
153000 1000000 100
154000 1000000 100
155000 1000000 100
156000 1000000 100
157000 1000000 100
158000 1000000 100
159000 1000000 100
160000 1000000 100
161000 1000000 100
162000 1000000 100
163000 1000000 100
164000 1000000 100
165000 1000000 100
166000 1000000 100
167000 1000000 100
168000 1000000 100
169000 1000000 100
170000 1000000 100
171000 1000000 100
172000 1000000 100
173000 1000000 100
174000 1000000 100
175000 1000000 100
176000 1000000 100
177000 1000000 100
178000 1000000 100
179000 1000000 100
180000 1000000 100
181000 1000000 100
182000 1000000 100
183000 1000000 100
184000 1000000 100
185000 1000000 100
186000 1000000 100
187000 1000000 100
188000 1000000 100
189000 1000000 100
190000 1000000 100
191000 1000000 100
192000 1000000 100
193000 1000000 100
194000 1000000 100
195000 1000000 100
196000 1000000 100
197000 1000000 100
198000 1000000 100
199000 1000000 100
200000 1000000 100
201000 1000000 100
202000 1000000 100
203000 1000000 100
204000 1000000 100
205000 1000000 100
206000 1000000 100
207000 1000000 100
208000 1000000 100
209000 1000000 100
210000 1000000 100
211000 1000000 100
212000 1000000 100
213000 1000000 100
214000 1000000 100
215000 1000000 100
216000 1000000 100
217000 1000000 100
218000 1000000 100
219000 1000000 100
220000 1000000 100
221000 1000000 100
222000 1000000 100
223000 1000000 100
224000 1000000 100
225000 1000000 100
226000 1000000 100
227000 1000000 100
228000 1000000 100
229000 1000000 100
230000 1000000 100
231000 1000000 100
232000 1000000 100
233000 1000000 100
234000 1000000 100
235000 1000000 100
236000 1000000 100
237000 1000000 100
238000 1000000 100
239000 1000000 100
240000 1000000 100
241000 1000000 100
242000 1000000 100
243000 1000000 100
244000 1000000 100
245000 1000000 100
246000 1000000 100
247000 1000000 100
248000 1000000 100
249000 1000000 100
250000 1000000 100
251000 1000000 100
252000 1000000 100
253000 1000000 100
254000 1000000 100
255000 1000000 100
256000 1000000 100
257000 1000000 100
258000 1000000 100
259000 1000000 100
260000 1000000 100
261000 1000000 100
262000 1000000 100
263000 1000000 100
264000 1000000 100
265000 1000000 100
266000 1000000 100
267000 1000000 100
268000 1000000 100
269000 1000000 100
270000 1000000 100
271000 1000000 100
272000 1000000 100
273000 1000000 100
274000 1000000 100
275000 1000000 100
276000 1000000 100
277000 1000000 100
278000 1000000 100
279000 1000000 100
280000 1000000 100
281000 1000000 100
282000 1000000 100
283000 1000000 100
284000 1000000 100
285000 1000000 100
286000 1000000 100
287000 1000000 100
288000 1000000 100
289000 1000000 100
290000 1000000 100
291000 1000000 100
292000 1000000 100
293000 1000000 100
294000 1000000 100
295000 1000000 100
296000 1000000 100
297000 1000000 100
298000 1000000 100
299000 1000000 100
300000 1000000 100
301000 1000000 100
302000 1000000 100
303000 1000000 100
304000 1000000 100
305000 1000000 100
306000 1000000 100
307000 1000000 100
308000 1000000 100
309000 1000000 100
310000 1000000 100
311000 1000000 100
312000 1000000 100
313000 1000000 100
314000 1000000 100
315000 1000000 100
316000 1000000 100
317000 1000000 100
318000 1000000 100
319000 1000000 100
320000 1000000 100
321000 1000000 100
322000 1000000 100
323000 1000000 100
324000 1000000 100
325000 1000000 100
326000 1000000 100
327000 1000000 100
328000 1000000 100
329000 1000000 100
330000 1000000 100
331000 1000000 100
332000 1000000 100
333000 1000000 100
334000 1000000 100
335000 1000000 100
336000 1000000 100
337000 1000000 100
338000 1000000 100
339000 1000000 100
340000 1000000 100
341000 1000000 100
342000 1000000 100
343000 1000000 100
344000 1000000 100
345000 1000000 100
346000 1000000 100
347000 1000000 100
348000 1000000 100
349000 1000000 100
350000 1000000 100
351000 1000000 100
352000 1000000 100
353000 1000000 100
354000 1000000 100
355000 1000000 100
356000 1000000 100
357000 1000000 100
358000 1000000 100
359000 1000000 100
360000 1000000 100
361000 1000000 100
362000 1000000 100
363000 1000000 100
364000 1000000 100
365000 1000000 100
366000 1000000 100
367000 1000000 100
368000 1000000 100
369000 1000000 100
370000 1000000 100
371000 1000000 100
372000 1000000 100
373000 1000000 100
374000 1000000 100
375000 1000000 100
376000 1000000 100
377000 1000000 100
378000 1000000 100
379000 1000000 100
380000 1000000 100
381000 1000000 100
382000 1000000 100
383000 1000000 100
384000 1000000 100
385000 1000000 100
386000 1000000 100
387000 1000000 100
388000 1000000 100
389000 1000000 100
390000 1000000 100
391000 1000000 100
392000 1000000 100
393000 1000000 100
394000 1000000 100
395000 1000000 100
396000 1000000 100
397000 1000000 100
398000 1000000 100
399000 1000000 100
400000 1000000 100
401000 1000000 100
402000 1000000 100
403000 1000000 100
404000 1000000 100
405000 1000000 100
406000 1000000 100
407000 1000000 100
408000 1000000 100
409000 1000000 100
410000 1000000 100
411000 1000000 100
412000 1000000 100
413000 1000000 100
414000 1000000 100
415000 1000000 100
416000 1000000 100
417000 1000000 100
418000 1000000 100
419000 1000000 100
420000 1000000 100
421000 1000000 100
422000 1000000 100
423000 1000000 100
424000 1000000 100
425000 1000000 100
426000 1000000 100
427000 1000000 100
428000 1000000 100
429000 1000000 100
430000 1000000 100
431000 1000000 100
432000 1000000 100
433000 1000000 100
434000 1000000 100
435000 1000000 100
436000 1000000 100
437000 1000000 100
438000 1000000 100
439000 1000000 100
440000 1000000 100
441000 1000000 100
442000 1000000 100
443000 1000000 100
444000 1000000 100
445000 1000000 100
446000 1000000 100
447000 1000000 100
448000 1000000 100
449000 1000000 100
450000 1000000 100
451000 1000000 100
452000 1000000 100
453000 1000000 100
454000 1000000 100
455000 1000000 100
456000 1000000 100
457000 1000000 100
458000 1000000 100
459000 1000000 100
460000 1000000 100
461000 1000000 100
462000 1000000 100
463000 1000000 100
464000 1000000 100
465000 1000000 100
466000 1000000 100
467000 1000000 100
468000 1000000 100
469000 1000000 100
470000 1000000 100
471000 1000000 100
472000 1000000 100
473000 1000000 100
474000 1000000 100
475000 1000000 100
476000 1000000 100
477000 1000000 100
478000 1000000 100
479000 1000000 100
480000 1000000 100
481000 1000000 100
482000 1000000 100
483000 1000000 100
484000 1000000 100
485000 1000000 100
486000 1000000 100
487000 1000000 100
488000 1000000 100
489000 1000000 100
490000 1000000 100
491000 1000000 100
492000 1000000 100
493000 1000000 100
494000 1000000 100
495000 1000000 100
496000 1000000 100
497000 1000000 100
498000 1000000 100
499000 1000000 100
500000 1000000 100
501000 1000000 100
502000 1000000 100
503000 1000000 100
504000 1000000 100
505000 1000000 100
506000 1000000 100
507000 1000000 100
508000 1000000 100
509000 1000000 100
510000 1000000 100
511000 1000000 100
512000 1000000 100
513000 1000000 100
514000 1000000 100
515000 1000000 100
516000 1000000 100
517000 1000000 100
518000 1000000 100
519000 1000000 100
520000 1000000 100
521000 1000000 100
522000 1000000 100
523000 1000000 100
524000 1000000 100
525000 1000000 100
526000 1000000 100
527000 1000000 100
528000 1000000 100
529000 1000000 100
530000 1000000 100
531000 1000000 100
532000 1000000 100
533000 1000000 100
534000 1000000 100
535000 1000000 100
536000 1000000 100
537000 1000000 100
538000 1000000 100
539000 1000000 100
540000 1000000 100
541000 1000000 100
542000 1000000 100
543000 1000000 100
544000 1000000 100
545000 1000000 100
546000 1000000 100
547000 1000000 100
548000 1000000 100
549000 1000000 100
550000 1000000 100
551000 1000000 100
552000 1000000 100
553000 1000000 100
554000 1000000 100
555000 1000000 100
556000 1000000 100
557000 1000000 100
558000 1000000 100
559000 1000000 100
560000 1000000 100
561000 1000000 100
562000 1000000 100
563000 1000000 100
564000 1000000 100
565000 1000000 100
566000 1000000 100
567000 1000000 100
568000 1000000 100
569000 1000000 100
570000 1000000 100
571000 1000000 100
572000 1000000 100
573000 1000000 100
574000 1000000 100
575000 1000000 100
576000 1000000 100
577000 1000000 100
578000 1000000 100
579000 1000000 100
580000 1000000 100
581000 1000000 100
582000 1000000 100
583000 1000000 100
584000 1000000 100
585000 1000000 100
586000 1000000 100
587000 1000000 100
588000 1000000 100
589000 1000000 100
590000 1000000 100
591000 1000000 100
592000 1000000 100
593000 1000000 100
594000 1000000 100
595000 1000000 100
596000 1000000 100
597000 1000000 100
598000 1000000 100
599000 1000000 100
600000 1000000 100
601000 1000000 100
602000 1000000 100
603000 1000000 100
604000 1000000 100
605000 1000000 100
606000 1000000 100
607000 1000000 100
608000 1000000 100
609000 1000000 100
610000 1000000 100
611000 1000000 100
612000 1000000 100
613000 1000000 100
614000 1000000 100
615000 1000000 100
616000 1000000 100
617000 1000000 100
618000 1000000 100
619000 1000000 100
620000 1000000 100
621000 1000000 100
622000 1000000 100
623000 1000000 100
624000 1000000 100
625000 1000000 100
626000 1000000 100
627000 1000000 100
628000 1000000 100
629000 1000000 100
630000 1000000 100
631000 1000000 100
632000 1000000 100
633000 1000000 100
634000 1000000 100
635000 1000000 100
636000 1000000 100
637000 1000000 100
638000 1000000 100
639000 1000000 100
640000 1000000 100
641000 1000000 100
642000 1000000 100
643000 1000000 100
644000 1000000 100
645000 1000000 100
646000 1000000 100
647000 1000000 100
648000 1000000 100
649000 1000000 100
650000 1000000 100
651000 1000000 100
652000 1000000 100
653000 1000000 100
654000 1000000 100
655000 1000000 100
656000 1000000 100
657000 1000000 100
658000 1000000 100
659000 1000000 100
660000 1000000 100
661000 1000000 100
662000 1000000 100
663000 1000000 100
664000 1000000 100
665000 1000000 100
666000 1000000 100
667000 1000000 100
668000 1000000 100
669000 1000000 100
670000 1000000 100
671000 1000000 100
672000 1000000 100
673000 1000000 100
674000 1000000 100
675000 1000000 100
676000 1000000 100
677000 1000000 100
678000 1000000 100
679000 1000000 100
680000 1000000 100
681000 1000000 100
682000 1000000 100
683000 1000000 100
684000 1000000 100
685000 1000000 100
686000 1000000 100
687000 1000000 100
688000 1000000 100
689000 1000000 100
690000 1000000 100
691000 1000000 100
692000 1000000 100
693000 1000000 100
694000 1000000 100
695000 1000000 100
696000 1000000 100
697000 1000000 100
698000 1000000 100
699000 1000000 100
700000 1000000 100
701000 1000000 100
702000 1000000 100
703000 1000000 100
704000 1000000 100
705000 1000000 100
706000 1000000 100
707000 1000000 100
708000 1000000 100
709000 1000000 100
710000 1000000 100
711000 1000000 100
712000 1000000 100
713000 1000000 100
714000 1000000 100
715000 1000000 100
716000 1000000 100
717000 1000000 100
718000 1000000 100
719000 1000000 100
720000 1000000 100
721000 1000000 100
722000 1000000 100
723000 1000000 100
724000 1000000 100
725000 1000000 100
726000 1000000 100
727000 1000000 100
728000 1000000 100
729000 1000000 100
730000 1000000 100
731000 1000000 100
732000 1000000 100
733000 1000000 100
734000 1000000 100
735000 1000000 100
736000 1000000 100
737000 1000000 100
738000 1000000 100
739000 1000000 100
740000 1000000 100
741000 1000000 100
742000 1000000 100
743000 1000000 100
744000 1000000 100
745000 1000000 100
746000 1000000 100
747000 1000000 100
748000 1000000 100
749000 1000000 100
750000 1000000 100
751000 1000000 100
752000 1000000 100
753000 1000000 100
754000 1000000 100
755000 1000000 100
756000 1000000 100
757000 1000000 100
758000 1000000 100
759000 1000000 100
760000 1000000 100
761000 1000000 100
762000 1000000 100
763000 1000000 100
764000 1000000 100
765000 1000000 100
766000 1000000 100
767000 1000000 100
768000 1000000 100
769000 1000000 100
770000 1000000 100
771000 1000000 100
772000 1000000 100
773000 1000000 100
774000 1000000 100
775000 1000000 100
776000 1000000 100
777000 1000000 100
778000 1000000 100
779000 1000000 100
780000 1000000 100
781000 1000000 100
782000 1000000 100
783000 1000000 100
784000 1000000 100
785000 1000000 100
786000 1000000 100
787000 1000000 100
788000 1000000 100
789000 1000000 100
790000 1000000 100
791000 1000000 100
792000 1000000 100
793000 1000000 100
794000 1000000 100
795000 1000000 100
796000 1000000 100
797000 1000000 100
798000 1000000 100
799000 1000000 100
800000 1000000 100
801000 1000000 100
802000 1000000 100
803000 1000000 100
804000 1000000 100
805000 1000000 100
806000 1000000 100
807000 1000000 100
808000 1000000 100
809000 1000000 100
810000 1000000 100
811000 1000000 100
812000 1000000 100
813000 1000000 100
814000 1000000 100
815000 1000000 100
816000 1000000 100
817000 1000000 100
818000 1000000 100
819000 1000000 100
820000 1000000 100
821000 1000000 100
822000 1000000 100
823000 1000000 100
824000 1000000 100
825000 1000000 100
826000 1000000 100
827000 1000000 100
828000 1000000 100
829000 1000000 100
830000 1000000 100
831000 1000000 100
832000 1000000 100
833000 1000000 100
834000 1000000 100
835000 1000000 100
836000 1000000 100
837000 1000000 100
838000 1000000 100
839000 1000000 100
840000 1000000 100
841000 1000000 100
842000 1000000 100
843000 1000000 100
844000 1000000 100
845000 1000000 100
846000 1000000 100
847000 1000000 100
848000 1000000 100
849000 1000000 100
850000 1000000 100
851000 1000000 100
852000 1000000 100
853000 1000000 100
854000 1000000 100
855000 1000000 100
856000 1000000 100
857000 1000000 100
858000 1000000 100
859000 1000000 100
860000 1000000 100
861000 1000000 100
862000 1000000 100
863000 1000000 100
864000 1000000 100
865000 1000000 100
866000 1000000 100
867000 1000000 100
868000 1000000 100
869000 1000000 100
870000 1000000 100
871000 1000000 100
872000 1000000 100
873000 1000000 100
874000 1000000 100
875000 1000000 100
876000 1000000 100
877000 1000000 100
878000 1000000 100
879000 1000000 100
880000 1000000 100
881000 1000000 100
882000 1000000 100
883000 1000000 100
884000 1000000 100
885000 1000000 100
886000 1000000 100
887000 1000000 100
888000 1000000 100
889000 1000000 100
890000 1000000 100
891000 1000000 100
892000 1000000 100
893000 1000000 100
894000 1000000 100
895000 1000000 100
896000 1000000 100
897000 1000000 100
898000 1000000 100
899000 1000000 100
900000 1000000 100
901000 1000000 100
902000 1000000 100
903000 1000000 100
904000 1000000 100
905000 1000000 100
906000 1000000 100
907000 1000000 100
908000 1000000 100
909000 1000000 100
910000 1000000 100
911000 1000000 100
912000 1000000 100
913000 1000000 100
914000 1000000 100
915000 1000000 100
916000 1000000 100
917000 1000000 100
918000 1000000 100
919000 1000000 100
920000 1000000 100
921000 1000000 100
922000 1000000 100
923000 1000000 100
924000 1000000 100
925000 1000000 100
926000 1000000 100
927000 1000000 100
928000 1000000 100
929000 1000000 100
930000 1000000 100
931000 1000000 100
932000 1000000 100
933000 1000000 100
934000 1000000 100
935000 1000000 100
936000 1000000 100
937000 1000000 100
938000 1000000 100
939000 1000000 100
940000 1000000 100
941000 1000000 100
942000 1000000 100
943000 1000000 100
944000 1000000 100
945000 1000000 100
946000 1000000 100
947000 1000000 100
948000 1000000 100
949000 1000000 100
