1000 1000 1000
0 0 300
1000 0 300
2000 0 300
3000 0 300
4000 0 300
5000 0 300
6000 0 300
7000 0 300
8000 0 300
9000 0 300
10000 0 300
11000 0 300
12000 0 300
13000 0 300
14000 0 300
15000 0 300
16000 0 300
17000 0 300
18000 0 300
19000 0 300
20000 0 300
21000 0 300
22000 0 300
23000 0 300
24000 0 300
25000 0 300
26000 0 300
27000 0 300
28000 0 300
29000 0 300
30000 0 300
31000 0 300
32000 0 300
33000 0 300
34000 0 300
35000 0 300
36000 0 300
37000 0 300
38000 0 300
39000 0 300
40000 0 300
41000 0 300
42000 0 300
43000 0 300
44000 0 300
45000 0 300
46000 0 300
47000 0 300
48000 0 300
49000 0 300
50000 0 300
51000 0 300
52000 0 300
53000 0 300
54000 0 300
55000 0 300
56000 0 300
57000 0 300
58000 0 300
59000 0 300
60000 0 300
61000 0 300
62000 0 300
63000 0 300
64000 0 300
65000 0 300
66000 0 300
67000 0 300
68000 0 300
69000 0 300
70000 0 300
71000 0 300
72000 0 300
73000 0 300
74000 0 300
75000 0 300
76000 0 300
77000 0 300
78000 0 300
79000 0 300
80000 0 300
81000 0 300
82000 0 300
83000 0 300
84000 0 300
85000 0 300
86000 0 300
87000 0 300
88000 0 300
89000 0 300
90000 0 300
91000 0 300
92000 0 300
93000 0 300
94000 0 300
95000 0 300
96000 0 300
97000 0 300
98000 0 300
99000 0 300
100000 0 300
101000 0 300
102000 0 300
103000 0 300
104000 0 300
105000 0 300
106000 0 300
107000 0 300
108000 0 300
109000 0 300
110000 0 300
111000 0 300
112000 0 300
113000 0 300
114000 0 300
115000 0 300
116000 0 300
117000 0 300
118000 0 300
119000 0 300
120000 0 300
121000 0 300
122000 0 300
123000 0 300
124000 0 300
125000 0 300
126000 0 300
127000 0 300
128000 0 300
129000 0 300
130000 0 300
131000 0 300
132000 0 300
133000 0 300
134000 0 300
135000 0 300
136000 0 300
137000 0 300
138000 0 300
139000 0 300
140000 0 300
141000 0 300
142000 0 300
143000 0 300
144000 0 300
145000 0 300
146000 0 300
147000 0 300
148000 0 300
149000 0 300
150000 0 300
151000 0 300
152000 0 300
153000 0 300
154000 0 300
155000 0 300
156000 0 300
157000 0 300
158000 0 300
159000 0 300
160000 0 300
161000 0 300
162000 0 300
163000 0 300
164000 0 300
165000 0 300
166000 0 300
167000 0 300
168000 0 300
169000 0 300
170000 0 300
171000 0 300
172000 0 300
173000 0 300
174000 0 300
175000 0 300
176000 0 300
177000 0 300
178000 0 300
179000 0 300
180000 0 300
181000 0 300
182000 0 300
183000 0 300
184000 0 300
185000 0 300
186000 0 300
187000 0 300
188000 0 300
189000 0 300
190000 0 300
191000 0 300
192000 0 300
193000 0 300
194000 0 300
195000 0 300
196000 0 300
197000 0 300
198000 0 300
199000 0 300
200000 0 300
201000 0 300
202000 0 300
203000 0 300
204000 0 300
205000 0 300
206000 0 300
207000 0 300
208000 0 300
209000 0 300
210000 0 300
211000 0 300
212000 0 300
213000 0 300
214000 0 300
215000 0 300
216000 0 300
217000 0 300
218000 0 300
219000 0 300
220000 0 300
221000 0 300
222000 0 300
223000 0 300
224000 0 300
225000 0 300
226000 0 300
227000 0 300
228000 0 300
229000 0 300
230000 0 300
231000 0 300
232000 0 300
233000 0 300
234000 0 300
235000 0 300
236000 0 300
237000 0 300
238000 0 300
239000 0 300
240000 0 300
241000 0 300
242000 0 300
243000 0 300
244000 0 300
245000 0 300
246000 0 300
247000 0 300
248000 0 300
249000 0 300
250000 0 300
251000 0 300
252000 0 300
253000 0 300
254000 0 300
255000 0 300
256000 0 300
257000 0 300
258000 0 300
259000 0 300
260000 0 300
261000 0 300
262000 0 300
263000 0 300
264000 0 300
265000 0 300
266000 0 300
267000 0 300
268000 0 300
269000 0 300
270000 0 300
271000 0 300
272000 0 300
273000 0 300
274000 0 300
275000 0 300
276000 0 300
277000 0 300
278000 0 300
279000 0 300
280000 0 300
281000 0 300
282000 0 300
283000 0 300
284000 0 300
285000 0 300
286000 0 300
287000 0 300
288000 0 300
289000 0 300
290000 0 300
291000 0 300
292000 0 300
293000 0 300
294000 0 300
295000 0 300
296000 0 300
297000 0 300
298000 0 300
299000 0 300
300000 0 300
301000 0 300
302000 0 300
303000 0 300
304000 0 300
305000 0 300
306000 0 300
307000 0 300
308000 0 300
309000 0 300
310000 0 300
311000 0 300
312000 0 300
313000 0 300
314000 0 300
315000 0 300
316000 0 300
317000 0 300
318000 0 300
319000 0 300
320000 0 300
321000 0 300
322000 0 300
323000 0 300
324000 0 300
325000 0 300
326000 0 300
327000 0 300
328000 0 300
329000 0 300
330000 0 300
331000 0 300
332000 0 300
333000 0 300
334000 0 300
335000 0 300
336000 0 300
337000 0 300
338000 0 300
339000 0 300
340000 0 300
341000 0 300
342000 0 300
343000 0 300
344000 0 300
345000 0 300
346000 0 300
347000 0 300
348000 0 300
349000 0 300
350000 0 300
351000 0 300
352000 0 300
353000 0 300
354000 0 300
355000 0 300
356000 0 300
357000 0 300
358000 0 300
359000 0 300
360000 0 300
361000 0 300
362000 0 300
363000 0 300
364000 0 300
365000 0 300
366000 0 300
367000 0 300
368000 0 300
369000 0 300
370000 0 300
371000 0 300
372000 0 300
373000 0 300
374000 0 300
375000 0 300
376000 0 300
377000 0 300
378000 0 300
379000 0 300
380000 0 300
381000 0 300
382000 0 300
383000 0 300
384000 0 300
385000 0 300
386000 0 300
387000 0 300
388000 0 300
389000 0 300
390000 0 300
391000 0 300
392000 0 300
393000 0 300
394000 0 300
395000 0 300
396000 0 300
397000 0 300
398000 0 300
399000 0 300
400000 0 300
401000 0 300
402000 0 300
403000 0 300
404000 0 300
405000 0 300
406000 0 300
407000 0 300
408000 0 300
409000 0 300
410000 0 300
411000 0 300
412000 0 300
413000 0 300
414000 0 300
415000 0 300
416000 0 300
417000 0 300
418000 0 300
419000 0 300
420000 0 300
421000 0 300
422000 0 300
423000 0 300
424000 0 300
425000 0 300
426000 0 300
427000 0 300
428000 0 300
429000 0 300
430000 0 300
431000 0 300
432000 0 300
433000 0 300
434000 0 300
435000 0 300
436000 0 300
437000 0 300
438000 0 300
439000 0 300
440000 0 300
441000 0 300
442000 0 300
443000 0 300
444000 0 300
445000 0 300
446000 0 300
447000 0 300
448000 0 300
449000 0 300
450000 0 300
451000 0 300
452000 0 300
453000 0 300
454000 0 300
455000 0 300
456000 0 300
457000 0 300
458000 0 300
459000 0 300
460000 0 300
461000 0 300
462000 0 300
463000 0 300
464000 0 300
465000 0 300
466000 0 300
467000 0 300
468000 0 300
469000 0 300
470000 0 300
471000 0 300
472000 0 300
473000 0 300
474000 0 300
475000 0 300
476000 0 300
477000 0 300
478000 0 300
479000 0 300
480000 0 300
481000 0 300
482000 0 300
483000 0 300
484000 0 300
485000 0 300
486000 0 300
487000 0 300
488000 0 300
489000 0 300
490000 0 300
491000 0 300
492000 0 300
493000 0 300
494000 0 300
495000 0 300
496000 0 300
497000 0 300
498000 0 300
499000 0 300
500000 0 300
501000 0 300
502000 0 300
503000 0 300
504000 0 300
505000 0 300
506000 0 300
507000 0 300
508000 0 300
509000 0 300
510000 0 300
511000 0 300
512000 0 300
513000 0 300
514000 0 300
515000 0 300
516000 0 300
517000 0 300
518000 0 300
519000 0 300
520000 0 300
521000 0 300
522000 0 300
523000 0 300
524000 0 300
525000 0 300
526000 0 300
527000 0 300
528000 0 300
529000 0 300
530000 0 300
531000 0 300
532000 0 300
533000 0 300
534000 0 300
535000 0 300
536000 0 300
537000 0 300
538000 0 300
539000 0 300
540000 0 300
541000 0 300
542000 0 300
543000 0 300
544000 0 300
545000 0 300
546000 0 300
547000 0 300
548000 0 300
549000 0 300
550000 0 300
551000 0 300
552000 0 300
553000 0 300
554000 0 300
555000 0 300
556000 0 300
557000 0 300
558000 0 300
559000 0 300
560000 0 300
561000 0 300
562000 0 300
563000 0 300
564000 0 300
565000 0 300
566000 0 300
567000 0 300
568000 0 300
569000 0 300
570000 0 300
571000 0 300
572000 0 300
573000 0 300
574000 0 300
575000 0 300
576000 0 300
577000 0 300
578000 0 300
579000 0 300
580000 0 300
581000 0 300
582000 0 300
583000 0 300
584000 0 300
585000 0 300
586000 0 300
587000 0 300
588000 0 300
589000 0 300
590000 0 300
591000 0 300
592000 0 300
593000 0 300
594000 0 300
595000 0 300
596000 0 300
597000 0 300
598000 0 300
599000 0 300
600000 0 300
601000 0 300
602000 0 300
603000 0 300
604000 0 300
605000 0 300
606000 0 300
607000 0 300
608000 0 300
609000 0 300
610000 0 300
611000 0 300
612000 0 300
613000 0 300
614000 0 300
615000 0 300
616000 0 300
617000 0 300
618000 0 300
619000 0 300
620000 0 300
621000 0 300
622000 0 300
623000 0 300
624000 0 300
625000 0 300
626000 0 300
627000 0 300
628000 0 300
629000 0 300
630000 0 300
631000 0 300
632000 0 300
633000 0 300
634000 0 300
635000 0 300
636000 0 300
637000 0 300
638000 0 300
639000 0 300
640000 0 300
641000 0 300
642000 0 300
643000 0 300
644000 0 300
645000 0 300
646000 0 300
647000 0 300
648000 0 300
649000 0 300
650000 0 300
651000 0 300
652000 0 300
653000 0 300
654000 0 300
655000 0 300
656000 0 300
657000 0 300
658000 0 300
659000 0 300
660000 0 300
661000 0 300
662000 0 300
663000 0 300
664000 0 300
665000 0 300
666000 0 300
667000 0 300
668000 0 300
669000 0 300
670000 0 300
671000 0 300
672000 0 300
673000 0 300
674000 0 300
675000 0 300
676000 0 300
677000 0 300
678000 0 300
679000 0 300
680000 0 300
681000 0 300
682000 0 300
683000 0 300
684000 0 300
685000 0 300
686000 0 300
687000 0 300
688000 0 300
689000 0 300
690000 0 300
691000 0 300
692000 0 300
693000 0 300
694000 0 300
695000 0 300
696000 0 300
697000 0 300
698000 0 300
699000 0 300
700000 0 300
701000 0 300
702000 0 300
703000 0 300
704000 0 300
705000 0 300
706000 0 300
707000 0 300
708000 0 300
709000 0 300
710000 0 300
711000 0 300
712000 0 300
713000 0 300
714000 0 300
715000 0 300
716000 0 300
717000 0 300
718000 0 300
719000 0 300
720000 0 300
721000 0 300
722000 0 300
723000 0 300
724000 0 300
725000 0 300
726000 0 300
727000 0 300
728000 0 300
729000 0 300
730000 0 300
731000 0 300
732000 0 300
733000 0 300
734000 0 300
735000 0 300
736000 0 300
737000 0 300
738000 0 300
739000 0 300
740000 0 300
741000 0 300
742000 0 300
743000 0 300
744000 0 300
745000 0 300
746000 0 300
747000 0 300
748000 0 300
749000 0 300
750000 0 300
751000 0 300
752000 0 300
753000 0 300
754000 0 300
755000 0 300
756000 0 300
757000 0 300
758000 0 300
759000 0 300
760000 0 300
761000 0 300
762000 0 300
763000 0 300
764000 0 300
765000 0 300
766000 0 300
767000 0 300
768000 0 300
769000 0 300
770000 0 300
771000 0 300
772000 0 300
773000 0 300
774000 0 300
775000 0 300
776000 0 300
777000 0 300
778000 0 300
779000 0 300
780000 0 300
781000 0 300
782000 0 300
783000 0 300
784000 0 300
785000 0 300
786000 0 300
787000 0 300
788000 0 300
789000 0 300
790000 0 300
791000 0 300
792000 0 300
793000 0 300
794000 0 300
795000 0 300
796000 0 300
797000 0 300
798000 0 300
799000 0 300
800000 0 300
801000 0 300
802000 0 300
803000 0 300
804000 0 300
805000 0 300
806000 0 300
807000 0 300
808000 0 300
809000 0 300
810000 0 300
811000 0 300
812000 0 300
813000 0 300
814000 0 300
815000 0 300
816000 0 300
817000 0 300
818000 0 300
819000 0 300
820000 0 300
821000 0 300
822000 0 300
823000 0 300
824000 0 300
825000 0 300
826000 0 300
827000 0 300
828000 0 300
829000 0 300
830000 0 300
831000 0 300
832000 0 300
833000 0 300
834000 0 300
835000 0 300
836000 0 300
837000 0 300
838000 0 300
839000 0 300
840000 0 300
841000 0 300
842000 0 300
843000 0 300
844000 0 300
845000 0 300
846000 0 300
847000 0 300
848000 0 300
849000 0 300
850000 0 300
851000 0 300
852000 0 300
853000 0 300
854000 0 300
855000 0 300
856000 0 300
857000 0 300
858000 0 300
859000 0 300
860000 0 300
861000 0 300
862000 0 300
863000 0 300
864000 0 300
865000 0 300
866000 0 300
867000 0 300
868000 0 300
869000 0 300
870000 0 300
871000 0 300
872000 0 300
873000 0 300
874000 0 300
875000 0 300
876000 0 300
877000 0 300
878000 0 300
879000 0 300
880000 0 300
881000 0 300
882000 0 300
883000 0 300
884000 0 300
885000 0 300
886000 0 300
887000 0 300
888000 0 300
889000 0 300
890000 0 300
891000 0 300
892000 0 300
893000 0 300
894000 0 300
895000 0 300
896000 0 300
897000 0 300
898000 0 300
899000 0 300
900000 0 300
901000 0 300
902000 0 300
903000 0 300
904000 0 300
905000 0 300
906000 0 300
907000 0 300
908000 0 300
909000 0 300
910000 0 300
911000 0 300
912000 0 300
913000 0 300
914000 0 300
915000 0 300
916000 0 300
917000 0 300
918000 0 300
919000 0 300
920000 0 300
921000 0 300
922000 0 300
923000 0 300
924000 0 300
925000 0 300
926000 0 300
927000 0 300
928000 0 300
929000 0 300
930000 0 300
931000 0 300
932000 0 300
933000 0 300
934000 0 300
935000 0 300
936000 0 300
937000 0 300
938000 0 300
939000 0 300
940000 0 300
941000 0 300
942000 0 300
943000 0 300
944000 0 300
945000 0 300
946000 0 300
947000 0 300
948000 0 300
949000 0 300
0 1000000 300
1000 1000000 300
2000 1000000 300
3000 1000000 300
4000 1000000 300
5000 1000000 300
6000 1000000 300
7000 1000000 300
8000 1000000 300
9000 1000000 300
10000 1000000 300
11000 1000000 300
12000 1000000 300
13000 1000000 300
14000 1000000 300
15000 1000000 300
16000 1000000 300
17000 1000000 300
18000 1000000 300
19000 1000000 300
20000 1000000 300
21000 1000000 300
22000 1000000 300
23000 1000000 300
24000 1000000 300
25000 1000000 300
26000 1000000 300
27000 1000000 300
28000 1000000 300
29000 1000000 300
30000 1000000 300
31000 1000000 300
32000 1000000 300
33000 1000000 300
34000 1000000 300
35000 1000000 300
36000 1000000 300
37000 1000000 300
38000 1000000 300
39000 1000000 300
40000 1000000 300
41000 1000000 300
42000 1000000 300
43000 1000000 300
44000 1000000 300
45000 1000000 300
46000 1000000 300
47000 1000000 300
48000 1000000 300
49000 1000000 300
0 0 100
1000 0 100
2000 0 100
3000 0 100
4000 0 100
5000 0 100
6000 0 100
7000 0 100
8000 0 100
9000 0 100
10000 0 100
11000 0 100
12000 0 100
13000 0 100
14000 0 100
15000 0 100
16000 0 100
17000 0 100
18000 0 100
19000 0 100
20000 0 100
21000 0 100
22000 0 100
23000 0 100
24000 0 100
25000 0 100
26000 0 100
27000 0 100
28000 0 100
29000 0 100
30000 0 100
31000 0 100
32000 0 100
33000 0 100
34000 0 100
35000 0 100
36000 0 100
37000 0 100
38000 0 100
39000 0 100
40000 0 100
41000 0 100
42000 0 100
43000 0 100
44000 0 100
45000 0 100
46000 0 100
47000 0 100
48000 0 100
49000 0 100
50000 0 100
51000 0 100
52000 0 100
53000 0 100
54000 0 100
55000 0 100
56000 0 100
57000 0 100
58000 0 100
59000 0 100
60000 0 100
61000 0 100
62000 0 100
63000 0 100
64000 0 100
65000 0 100
66000 0 100
67000 0 100
68000 0 100
69000 0 100
70000 0 100
71000 0 100
72000 0 100
73000 0 100
74000 0 100
75000 0 100
76000 0 100
77000 0 100
78000 0 100
79000 0 100
80000 0 100
81000 0 100
82000 0 100
83000 0 100
84000 0 100
85000 0 100
86000 0 100
87000 0 100
88000 0 100
89000 0 100
90000 0 100
91000 0 100
92000 0 100
93000 0 100
94000 0 100
95000 0 100
96000 0 100
97000 0 100
98000 0 100
99000 0 100
100000 0 100
101000 0 100
102000 0 100
103000 0 100
104000 0 100
105000 0 100
106000 0 100
107000 0 100
108000 0 100
109000 0 100
110000 0 100
111000 0 100
112000 0 100
113000 0 100
114000 0 100
115000 0 100
116000 0 100
117000 0 100
118000 0 100
119000 0 100
120000 0 100
121000 0 100
122000 0 100
123000 0 100
124000 0 100
125000 0 100
126000 0 100
127000 0 100
128000 0 100
129000 0 100
130000 0 100
131000 0 100
132000 0 100
133000 0 100
134000 0 100
135000 0 100
136000 0 100
137000 0 100
138000 0 100
139000 0 100
140000 0 100
141000 0 100
142000 0 100
143000 0 100
144000 0 100
145000 0 100
146000 0 100
147000 0 100
148000 0 100
149000 0 100
150000 0 100
151000 0 100
152000 0 100
153000 0 100
154000 0 100
155000 0 100
156000 0 100
157000 0 100
158000 0 100
159000 0 100
160000 0 100
161000 0 100
162000 0 100
163000 0 100
164000 0 100
165000 0 100
166000 0 100
167000 0 100
168000 0 100
169000 0 100
170000 0 100
171000 0 100
172000 0 100
173000 0 100
174000 0 100
175000 0 100
176000 0 100
177000 0 100
178000 0 100
179000 0 100
180000 0 100
181000 0 100
182000 0 100
183000 0 100
184000 0 100
185000 0 100
186000 0 100
187000 0 100
188000 0 100
189000 0 100
190000 0 100
191000 0 100
192000 0 100
193000 0 100
194000 0 100
195000 0 100
196000 0 100
197000 0 100
198000 0 100
199000 0 100
200000 0 100
201000 0 100
202000 0 100
203000 0 100
204000 0 100
205000 0 100
206000 0 100
207000 0 100
208000 0 100
209000 0 100
210000 0 100
211000 0 100
212000 0 100
213000 0 100
214000 0 100
215000 0 100
216000 0 100
217000 0 100
218000 0 100
219000 0 100
220000 0 100
221000 0 100
222000 0 100
223000 0 100
224000 0 100
225000 0 100
226000 0 100
227000 0 100
228000 0 100
229000 0 100
230000 0 100
231000 0 100
232000 0 100
233000 0 100
234000 0 100
235000 0 100
236000 0 100
237000 0 100
238000 0 100
239000 0 100
240000 0 100
241000 0 100
242000 0 100
243000 0 100
244000 0 100
245000 0 100
246000 0 100
247000 0 100
248000 0 100
249000 0 100
250000 0 100
251000 0 100
252000 0 100
253000 0 100
254000 0 100
255000 0 100
256000 0 100
257000 0 100
258000 0 100
259000 0 100
260000 0 100
261000 0 100
262000 0 100
263000 0 100
264000 0 100
265000 0 100
266000 0 100
267000 0 100
268000 0 100
269000 0 100
270000 0 100
271000 0 100
272000 0 100
273000 0 100
274000 0 100
275000 0 100
276000 0 100
277000 0 100
278000 0 100
279000 0 100
280000 0 100
281000 0 100
282000 0 100
283000 0 100
284000 0 100
285000 0 100
286000 0 100
287000 0 100
288000 0 100
289000 0 100
290000 0 100
291000 0 100
292000 0 100
293000 0 100
294000 0 100
295000 0 100
296000 0 100
297000 0 100
298000 0 100
299000 0 100
300000 0 100
301000 0 100
302000 0 100
303000 0 100
304000 0 100
305000 0 100
306000 0 100
307000 0 100
308000 0 100
309000 0 100
310000 0 100
311000 0 100
312000 0 100
313000 0 100
314000 0 100
315000 0 100
316000 0 100
317000 0 100
318000 0 100
319000 0 100
320000 0 100
321000 0 100
322000 0 100
323000 0 100
324000 0 100
325000 0 100
326000 0 100
327000 0 100
328000 0 100
329000 0 100
330000 0 100
331000 0 100
332000 0 100
333000 0 100
334000 0 100
335000 0 100
336000 0 100
337000 0 100
338000 0 100
339000 0 100
340000 0 100
341000 0 100
342000 0 100
343000 0 100
344000 0 100
345000 0 100
346000 0 100
347000 0 100
348000 0 100
349000 0 100
350000 0 100
351000 0 100
352000 0 100
353000 0 100
354000 0 100
355000 0 100
356000 0 100
357000 0 100
358000 0 100
359000 0 100
360000 0 100
361000 0 100
362000 0 100
363000 0 100
364000 0 100
365000 0 100
366000 0 100
367000 0 100
368000 0 100
369000 0 100
370000 0 100
371000 0 100
372000 0 100
373000 0 100
374000 0 100
375000 0 100
376000 0 100
377000 0 100
378000 0 100
379000 0 100
380000 0 100
381000 0 100
382000 0 100
383000 0 100
384000 0 100
385000 0 100
386000 0 100
387000 0 100
388000 0 100
389000 0 100
390000 0 100
391000 0 100
392000 0 100
393000 0 100
394000 0 100
395000 0 100
396000 0 100
397000 0 100
398000 0 100
399000 0 100
400000 0 100
401000 0 100
402000 0 100
403000 0 100
404000 0 100
405000 0 100
406000 0 100
407000 0 100
408000 0 100
409000 0 100
410000 0 100
411000 0 100
412000 0 100
413000 0 100
414000 0 100
415000 0 100
416000 0 100
417000 0 100
418000 0 100
419000 0 100
420000 0 100
421000 0 100
422000 0 100
423000 0 100
424000 0 100
425000 0 100
426000 0 100
427000 0 100
428000 0 100
429000 0 100
430000 0 100
431000 0 100
432000 0 100
433000 0 100
434000 0 100
435000 0 100
436000 0 100
437000 0 100
438000 0 100
439000 0 100
440000 0 100
441000 0 100
442000 0 100
443000 0 100
444000 0 100
445000 0 100
446000 0 100
447000 0 100
448000 0 100
449000 0 100
450000 0 100
451000 0 100
452000 0 100
453000 0 100
454000 0 100
455000 0 100
456000 0 100
457000 0 100
458000 0 100
459000 0 100
460000 0 100
461000 0 100
462000 0 100
463000 0 100
464000 0 100
465000 0 100
466000 0 100
467000 0 100
468000 0 100
469000 0 100
470000 0 100
471000 0 100
472000 0 100
473000 0 100
474000 0 100
475000 0 100
476000 0 100
477000 0 100
478000 0 100
479000 0 100
480000 0 100
481000 0 100
482000 0 100
483000 0 100
484000 0 100
485000 0 100
486000 0 100
487000 0 100
488000 0 100
489000 0 100
490000 0 100
491000 0 100
492000 0 100
493000 0 100
494000 0 100
495000 0 100
496000 0 100
497000 0 100
498000 0 100
499000 0 100
500000 0 100
501000 0 100
502000 0 100
503000 0 100
504000 0 100
505000 0 100
506000 0 100
507000 0 100
508000 0 100
509000 0 100
510000 0 100
511000 0 100
512000 0 100
513000 0 100
514000 0 100
515000 0 100
516000 0 100
517000 0 100
518000 0 100
519000 0 100
520000 0 100
521000 0 100
522000 0 100
523000 0 100
524000 0 100
525000 0 100
526000 0 100
527000 0 100
528000 0 100
529000 0 100
530000 0 100
531000 0 100
532000 0 100
533000 0 100
534000 0 100
535000 0 100
536000 0 100
537000 0 100
538000 0 100
539000 0 100
540000 0 100
541000 0 100
542000 0 100
543000 0 100
544000 0 100
545000 0 100
546000 0 100
547000 0 100
548000 0 100
549000 0 100
550000 0 100
551000 0 100
552000 0 100
553000 0 100
554000 0 100
555000 0 100
556000 0 100
557000 0 100
558000 0 100
559000 0 100
560000 0 100
561000 0 100
562000 0 100
563000 0 100
564000 0 100
565000 0 100
566000 0 100
567000 0 100
568000 0 100
569000 0 100
570000 0 100
571000 0 100
572000 0 100
573000 0 100
574000 0 100
575000 0 100
576000 0 100
577000 0 100
578000 0 100
579000 0 100
580000 0 100
581000 0 100
582000 0 100
583000 0 100
584000 0 100
585000 0 100
586000 0 100
587000 0 100
588000 0 100
589000 0 100
590000 0 100
591000 0 100
592000 0 100
593000 0 100
594000 0 100
595000 0 100
596000 0 100
597000 0 100
598000 0 100
599000 0 100
600000 0 100
601000 0 100
602000 0 100
603000 0 100
604000 0 100
605000 0 100
606000 0 100
607000 0 100
608000 0 100
609000 0 100
610000 0 100
611000 0 100
612000 0 100
613000 0 100
614000 0 100
615000 0 100
616000 0 100
617000 0 100
618000 0 100
619000 0 100
620000 0 100
621000 0 100
622000 0 100
623000 0 100
624000 0 100
625000 0 100
626000 0 100
627000 0 100
628000 0 100
629000 0 100
630000 0 100
631000 0 100
632000 0 100
633000 0 100
634000 0 100
635000 0 100
636000 0 100
637000 0 100
638000 0 100
639000 0 100
640000 0 100
641000 0 100
642000 0 100
643000 0 100
644000 0 100
645000 0 100
646000 0 100
647000 0 100
648000 0 100
649000 0 100
650000 0 100
651000 0 100
652000 0 100
653000 0 100
654000 0 100
655000 0 100
656000 0 100
657000 0 100
658000 0 100
659000 0 100
660000 0 100
661000 0 100
662000 0 100
663000 0 100
664000 0 100
665000 0 100
666000 0 100
667000 0 100
668000 0 100
669000 0 100
670000 0 100
671000 0 100
672000 0 100
673000 0 100
674000 0 100
675000 0 100
676000 0 100
677000 0 100
678000 0 100
679000 0 100
680000 0 100
681000 0 100
682000 0 100
683000 0 100
684000 0 100
685000 0 100
686000 0 100
687000 0 100
688000 0 100
689000 0 100
690000 0 100
691000 0 100
692000 0 100
693000 0 100
694000 0 100
695000 0 100
696000 0 100
697000 0 100
698000 0 100
699000 0 100
700000 0 100
701000 0 100
702000 0 100
703000 0 100
704000 0 100
705000 0 100
706000 0 100
707000 0 100
708000 0 100
709000 0 100
710000 0 100
711000 0 100
712000 0 100
713000 0 100
714000 0 100
715000 0 100
716000 0 100
717000 0 100
718000 0 100
719000 0 100
720000 0 100
721000 0 100
722000 0 100
723000 0 100
724000 0 100
725000 0 100
726000 0 100
727000 0 100
728000 0 100
729000 0 100
730000 0 100
731000 0 100
732000 0 100
733000 0 100
734000 0 100
735000 0 100
736000 0 100
737000 0 100
738000 0 100
739000 0 100
740000 0 100
741000 0 100
742000 0 100
743000 0 100
744000 0 100
745000 0 100
746000 0 100
747000 0 100
748000 0 100
749000 0 100
750000 0 100
751000 0 100
752000 0 100
753000 0 100
754000 0 100
755000 0 100
756000 0 100
757000 0 100
758000 0 100
759000 0 100
760000 0 100
761000 0 100
762000 0 100
763000 0 100
764000 0 100
765000 0 100
766000 0 100
767000 0 100
768000 0 100
769000 0 100
770000 0 100
771000 0 100
772000 0 100
773000 0 100
774000 0 100
775000 0 100
776000 0 100
777000 0 100
778000 0 100
779000 0 100
780000 0 100
781000 0 100
782000 0 100
783000 0 100
784000 0 100
785000 0 100
786000 0 100
787000 0 100
788000 0 100
789000 0 100
790000 0 100
791000 0 100
792000 0 100
793000 0 100
794000 0 100
795000 0 100
796000 0 100
797000 0 100
798000 0 100
799000 0 100
800000 0 100
801000 0 100
802000 0 100
803000 0 100
804000 0 100
805000 0 100
806000 0 100
807000 0 100
808000 0 100
809000 0 100
810000 0 100
811000 0 100
812000 0 100
813000 0 100
814000 0 100
815000 0 100
816000 0 100
817000 0 100
818000 0 100
819000 0 100
820000 0 100
821000 0 100
822000 0 100
823000 0 100
824000 0 100
825000 0 100
826000 0 100
827000 0 100
828000 0 100
829000 0 100
830000 0 100
831000 0 100
832000 0 100
833000 0 100
834000 0 100
835000 0 100
836000 0 100
837000 0 100
838000 0 100
839000 0 100
840000 0 100
841000 0 100
842000 0 100
843000 0 100
844000 0 100
845000 0 100
846000 0 100
847000 0 100
848000 0 100
849000 0 100
850000 0 100
851000 0 100
852000 0 100
853000 0 100
854000 0 100
855000 0 100
856000 0 100
857000 0 100
858000 0 100
859000 0 100
860000 0 100
861000 0 100
862000 0 100
863000 0 100
864000 0 100
865000 0 100
866000 0 100
867000 0 100
868000 0 100
869000 0 100
870000 0 100
871000 0 100
872000 0 100
873000 0 100
874000 0 100
875000 0 100
876000 0 100
877000 0 100
878000 0 100
879000 0 100
880000 0 100
881000 0 100
882000 0 100
883000 0 100
884000 0 100
885000 0 100
886000 0 100
887000 0 100
888000 0 100
889000 0 100
890000 0 100
891000 0 100
892000 0 100
893000 0 100
894000 0 100
895000 0 100
896000 0 100
897000 0 100
898000 0 100
899000 0 100
900000 0 100
901000 0 100
902000 0 100
903000 0 100
904000 0 100
905000 0 100
906000 0 100
907000 0 100
908000 0 100
909000 0 100
910000 0 100
911000 0 100
912000 0 100
913000 0 100
914000 0 100
915000 0 100
916000 0 100
917000 0 100
918000 0 100
919000 0 100
920000 0 100
921000 0 100
922000 0 100
923000 0 100
924000 0 100
925000 0 100
926000 0 100
927000 0 100
928000 0 100
929000 0 100
930000 0 100
931000 0 100
932000 0 100
933000 0 100
934000 0 100
935000 0 100
936000 0 100
937000 0 100
938000 0 100
939000 0 100
940000 0 100
941000 0 100
942000 0 100
943000 0 100
944000 0 100
945000 0 100
946000 0 100
947000 0 100
948000 0 100
949000 0 100
0 1000000 100
1000 1000000 100
2000 1000000 100
3000 1000000 100
4000 1000000 100
5000 1000000 100
6000 1000000 100
7000 1000000 100
8000 1000000 100
9000 1000000 100
10000 1000000 100
11000 1000000 100
12000 1000000 100
13000 1000000 100
14000 1000000 100
15000 1000000 100
16000 1000000 100
17000 1000000 100
18000 1000000 100
19000 1000000 100
20000 1000000 100
21000 1000000 100
22000 1000000 100
23000 1000000 100
24000 1000000 100
25000 1000000 100
26000 1000000 100
27000 1000000 100
28000 1000000 100
29000 1000000 100
30000 1000000 100
31000 1000000 100
32000 1000000 100
33000 1000000 100
34000 1000000 100
35000 1000000 100
36000 1000000 100
37000 1000000 100
38000 1000000 100
39000 1000000 100
40000 1000000 100
41000 1000000 100
42000 1000000 100
43000 1000000 100
44000 1000000 100
45000 1000000 100
46000 1000000 100
47000 1000000 100
48000 1000000 100
49000 1000000 100
