992 992 10
0 0 300
0 1000 300
0 2000 300
0 3000 300
0 4000 300
0 5000 300
0 6000 300
0 7000 300
0 8000 300
0 9000 300
0 10000 300
0 11000 300
0 12000 300
0 13000 300
0 14000 300
0 15000 300
0 16000 300
0 17000 300
0 18000 300
0 19000 300
0 20000 300
0 21000 300
0 22000 300
0 23000 300
0 24000 300
0 25000 300
0 26000 300
0 27000 300
0 28000 300
0 29000 300
0 30000 300
1000 0 300
1000 1000 300
1000 2000 300
1000 3000 300
1000 4000 300
1000 5000 300
1000 6000 300
1000 7000 300
1000 8000 300
1000 9000 300
1000 10000 300
1000 11000 300
1000 12000 300
1000 13000 300
1000 14000 300
1000 15000 300
1000 16000 300
1000 17000 300
1000 18000 300
1000 19000 300
1000 20000 300
1000 21000 300
1000 22000 300
1000 23000 300
1000 24000 300
1000 25000 300
1000 26000 300
1000 27000 300
1000 28000 300
1000 29000 300
1000 30000 300
2000 0 300
2000 1000 300
2000 2000 300
2000 3000 300
2000 4000 300
2000 5000 300
2000 6000 300
2000 7000 300
2000 8000 300
2000 9000 300
2000 10000 300
2000 11000 300
2000 12000 300
2000 13000 300
2000 14000 300
2000 15000 300
2000 16000 300
2000 17000 300
2000 18000 300
2000 19000 300
2000 20000 300
2000 21000 300
2000 22000 300
2000 23000 300
2000 24000 300
2000 25000 300
2000 26000 300
2000 27000 300
2000 28000 300
2000 29000 300
2000 30000 300
3000 0 300
3000 1000 300
3000 2000 300
3000 3000 300
3000 4000 300
3000 5000 300
3000 6000 300
3000 7000 300
3000 8000 300
3000 9000 300
3000 10000 300
3000 11000 300
3000 12000 300
3000 13000 300
3000 14000 300
3000 15000 300
3000 16000 300
3000 17000 300
3000 18000 300
3000 19000 300
3000 20000 300
3000 21000 300
3000 22000 300
3000 23000 300
3000 24000 300
3000 25000 300
3000 26000 300
3000 27000 300
3000 28000 300
3000 29000 300
3000 30000 300
4000 0 300
4000 1000 300
4000 2000 300
4000 3000 300
4000 4000 300
4000 5000 300
4000 6000 300
4000 7000 300
4000 8000 300
4000 9000 300
4000 10000 300
4000 11000 300
4000 12000 300
4000 13000 300
4000 14000 300
4000 15000 300
4000 16000 300
4000 17000 300
4000 18000 300
4000 19000 300
4000 20000 300
4000 21000 300
4000 22000 300
4000 23000 300
4000 24000 300
4000 25000 300
4000 26000 300
4000 27000 300
4000 28000 300
4000 29000 300
4000 30000 300
5000 0 300
5000 1000 300
5000 2000 300
5000 3000 300
5000 4000 300
5000 5000 300
5000 6000 300
5000 7000 300
5000 8000 300
5000 9000 300
5000 10000 300
5000 11000 300
5000 12000 300
5000 13000 300
5000 14000 300
5000 15000 300
5000 16000 300
5000 17000 300
5000 18000 300
5000 19000 300
5000 20000 300
5000 21000 300
5000 22000 300
5000 23000 300
5000 24000 300
5000 25000 300
5000 26000 300
5000 27000 300
5000 28000 300
5000 29000 300
5000 30000 300
6000 0 300
6000 1000 300
6000 2000 300
6000 3000 300
6000 4000 300
6000 5000 300
6000 6000 300
6000 7000 300
6000 8000 300
6000 9000 300
6000 10000 300
6000 11000 300
6000 12000 300
6000 13000 300
6000 14000 300
6000 15000 300
6000 16000 300
6000 17000 300
6000 18000 300
6000 19000 300
6000 20000 300
6000 21000 300
6000 22000 300
6000 23000 300
6000 24000 300
6000 25000 300
6000 26000 300
6000 27000 300
6000 28000 300
6000 29000 300
6000 30000 300
7000 0 300
7000 1000 300
7000 2000 300
7000 3000 300
7000 4000 300
7000 5000 300
7000 6000 300
7000 7000 300
7000 8000 300
7000 9000 300
7000 10000 300
7000 11000 300
7000 12000 300
7000 13000 300
7000 14000 300
7000 15000 300
7000 16000 300
7000 17000 300
7000 18000 300
7000 19000 300
7000 20000 300
7000 21000 300
7000 22000 300
7000 23000 300
7000 24000 300
7000 25000 300
7000 26000 300
7000 27000 300
7000 28000 300
7000 29000 300
7000 30000 300
8000 0 300
8000 1000 300
8000 2000 300
8000 3000 300
8000 4000 300
8000 5000 300
8000 6000 300
8000 7000 300
8000 8000 300
8000 9000 300
8000 10000 300
8000 11000 300
8000 12000 300
8000 13000 300
8000 14000 300
8000 15000 300
8000 16000 300
8000 17000 300
8000 18000 300
8000 19000 300
8000 20000 300
8000 21000 300
8000 22000 300
8000 23000 300
8000 24000 300
8000 25000 300
8000 26000 300
8000 27000 300
8000 28000 300
8000 29000 300
8000 30000 300
9000 0 300
9000 1000 300
9000 2000 300
9000 3000 300
9000 4000 300
9000 5000 300
9000 6000 300
9000 7000 300
9000 8000 300
9000 9000 300
9000 10000 300
9000 11000 300
9000 12000 300
9000 13000 300
9000 14000 300
9000 15000 300
9000 16000 300
9000 17000 300
9000 18000 300
9000 19000 300
9000 20000 300
9000 21000 300
9000 22000 300
9000 23000 300
9000 24000 300
9000 25000 300
9000 26000 300
9000 27000 300
9000 28000 300
9000 29000 300
9000 30000 300
10000 0 300
10000 1000 300
10000 2000 300
10000 3000 300
10000 4000 300
10000 5000 300
10000 6000 300
10000 7000 300
10000 8000 300
10000 9000 300
10000 10000 300
10000 11000 300
10000 12000 300
10000 13000 300
10000 14000 300
10000 15000 300
10000 16000 300
10000 17000 300
10000 18000 300
10000 19000 300
10000 20000 300
10000 21000 300
10000 22000 300
10000 23000 300
10000 24000 300
10000 25000 300
10000 26000 300
10000 27000 300
10000 28000 300
10000 29000 300
10000 30000 300
11000 0 300
11000 1000 300
11000 2000 300
11000 3000 300
11000 4000 300
11000 5000 300
11000 6000 300
11000 7000 300
11000 8000 300
11000 9000 300
11000 10000 300
11000 11000 300
11000 12000 300
11000 13000 300
11000 14000 300
11000 15000 300
11000 16000 300
11000 17000 300
11000 18000 300
11000 19000 300
11000 20000 300
11000 21000 300
11000 22000 300
11000 23000 300
11000 24000 300
11000 25000 300
11000 26000 300
11000 27000 300
11000 28000 300
11000 29000 300
11000 30000 300
12000 0 300
12000 1000 300
12000 2000 300
12000 3000 300
12000 4000 300
12000 5000 300
12000 6000 300
12000 7000 300
12000 8000 300
12000 9000 300
12000 10000 300
12000 11000 300
12000 12000 300
12000 13000 300
12000 14000 300
12000 15000 300
12000 16000 300
12000 17000 300
12000 18000 300
12000 19000 300
12000 20000 300
12000 21000 300
12000 22000 300
12000 23000 300
12000 24000 300
12000 25000 300
12000 26000 300
12000 27000 300
12000 28000 300
12000 29000 300
12000 30000 300
13000 0 300
13000 1000 300
13000 2000 300
13000 3000 300
13000 4000 300
13000 5000 300
13000 6000 300
13000 7000 300
13000 8000 300
13000 9000 300
13000 10000 300
13000 11000 300
13000 12000 300
13000 13000 300
13000 14000 300
13000 15000 300
13000 16000 300
13000 17000 300
13000 18000 300
13000 19000 300
13000 20000 300
13000 21000 300
13000 22000 300
13000 23000 300
13000 24000 300
13000 25000 300
13000 26000 300
13000 27000 300
13000 28000 300
13000 29000 300
13000 30000 300
14000 0 300
14000 1000 300
14000 2000 300
14000 3000 300
14000 4000 300
14000 5000 300
14000 6000 300
14000 7000 300
14000 8000 300
14000 9000 300
14000 10000 300
14000 11000 300
14000 12000 300
14000 13000 300
14000 14000 300
14000 15000 300
14000 16000 300
14000 17000 300
14000 18000 300
14000 19000 300
14000 20000 300
14000 21000 300
14000 22000 300
14000 23000 300
14000 24000 300
14000 25000 300
14000 26000 300
14000 27000 300
14000 28000 300
14000 29000 300
14000 30000 300
15000 0 300
15000 1000 300
15000 2000 300
15000 3000 300
15000 4000 300
15000 5000 300
15000 6000 300
15000 7000 300
15000 8000 300
15000 9000 300
15000 10000 300
15000 11000 300
15000 12000 300
15000 13000 300
15000 14000 300
15000 15000 300
15000 16000 300
15000 17000 300
15000 18000 300
15000 19000 300
15000 20000 300
15000 21000 300
15000 22000 300
15000 23000 300
15000 24000 300
15000 25000 300
15000 26000 300
15000 27000 300
15000 28000 300
15000 29000 300
15000 30000 300
16000 0 300
16000 1000 300
16000 2000 300
16000 3000 300
16000 4000 300
16000 5000 300
16000 6000 300
16000 7000 300
16000 8000 300
16000 9000 300
16000 10000 300
16000 11000 300
16000 12000 300
16000 13000 300
16000 14000 300
16000 15000 300
16000 16000 300
16000 17000 300
16000 18000 300
16000 19000 300
16000 20000 300
16000 21000 300
16000 22000 300
16000 23000 300
16000 24000 300
16000 25000 300
16000 26000 300
16000 27000 300
16000 28000 300
16000 29000 300
16000 30000 300
17000 0 300
17000 1000 300
17000 2000 300
17000 3000 300
17000 4000 300
17000 5000 300
17000 6000 300
17000 7000 300
17000 8000 300
17000 9000 300
17000 10000 300
17000 11000 300
17000 12000 300
17000 13000 300
17000 14000 300
17000 15000 300
17000 16000 300
17000 17000 300
17000 18000 300
17000 19000 300
17000 20000 300
17000 21000 300
17000 22000 300
17000 23000 300
17000 24000 300
17000 25000 300
17000 26000 300
17000 27000 300
17000 28000 300
17000 29000 300
17000 30000 300
18000 0 300
18000 1000 300
18000 2000 300
18000 3000 300
18000 4000 300
18000 5000 300
18000 6000 300
18000 7000 300
18000 8000 300
18000 9000 300
18000 10000 300
18000 11000 300
18000 12000 300
18000 13000 300
18000 14000 300
18000 15000 300
18000 16000 300
18000 17000 300
18000 18000 300
18000 19000 300
18000 20000 300
18000 21000 300
18000 22000 300
18000 23000 300
18000 24000 300
18000 25000 300
18000 26000 300
18000 27000 300
18000 28000 300
18000 29000 300
18000 30000 300
19000 0 300
19000 1000 300
19000 2000 300
19000 3000 300
19000 4000 300
19000 5000 300
19000 6000 300
19000 7000 300
19000 8000 300
19000 9000 300
19000 10000 300
19000 11000 300
19000 12000 300
19000 13000 300
19000 14000 300
19000 15000 300
19000 16000 300
19000 17000 300
19000 18000 300
19000 19000 300
19000 20000 300
19000 21000 300
19000 22000 300
19000 23000 300
19000 24000 300
19000 25000 300
19000 26000 300
19000 27000 300
19000 28000 300
19000 29000 300
19000 30000 300
20000 0 300
20000 1000 300
20000 2000 300
20000 3000 300
20000 4000 300
20000 5000 300
20000 6000 300
20000 7000 300
20000 8000 300
20000 9000 300
20000 10000 300
20000 11000 300
20000 12000 300
20000 13000 300
20000 14000 300
20000 15000 300
20000 16000 300
20000 17000 300
20000 18000 300
20000 19000 300
20000 20000 300
20000 21000 300
20000 22000 300
20000 23000 300
20000 24000 300
20000 25000 300
20000 26000 300
20000 27000 300
20000 28000 300
20000 29000 300
20000 30000 300
21000 0 300
21000 1000 300
21000 2000 300
21000 3000 300
21000 4000 300
21000 5000 300
21000 6000 300
21000 7000 300
21000 8000 300
21000 9000 300
21000 10000 300
21000 11000 300
21000 12000 300
21000 13000 300
21000 14000 300
21000 15000 300
21000 16000 300
21000 17000 300
21000 18000 300
21000 19000 300
21000 20000 300
21000 21000 300
21000 22000 300
21000 23000 300
21000 24000 300
21000 25000 300
21000 26000 300
21000 27000 300
21000 28000 300
21000 29000 300
21000 30000 300
22000 0 300
22000 1000 300
22000 2000 300
22000 3000 300
22000 4000 300
22000 5000 300
22000 6000 300
22000 7000 300
22000 8000 300
22000 9000 300
22000 10000 300
22000 11000 300
22000 12000 300
22000 13000 300
22000 14000 300
22000 15000 300
22000 16000 300
22000 17000 300
22000 18000 300
22000 19000 300
22000 20000 300
22000 21000 300
22000 22000 300
22000 23000 300
22000 24000 300
22000 25000 300
22000 26000 300
22000 27000 300
22000 28000 300
22000 29000 300
22000 30000 300
23000 0 300
23000 1000 300
23000 2000 300
23000 3000 300
23000 4000 300
23000 5000 300
23000 6000 300
23000 7000 300
23000 8000 300
23000 9000 300
23000 10000 300
23000 11000 300
23000 12000 300
23000 13000 300
23000 14000 300
23000 15000 300
23000 16000 300
23000 17000 300
23000 18000 300
23000 19000 300
23000 20000 300
23000 21000 300
23000 22000 300
23000 23000 300
23000 24000 300
23000 25000 300
23000 26000 300
23000 27000 300
23000 28000 300
23000 29000 300
23000 30000 300
24000 0 300
24000 1000 300
24000 2000 300
24000 3000 300
24000 4000 300
24000 5000 300
24000 6000 300
24000 7000 300
24000 8000 300
24000 9000 300
24000 10000 300
24000 11000 300
24000 12000 300
24000 13000 300
24000 14000 300
24000 15000 300
24000 16000 300
24000 17000 300
24000 18000 300
24000 19000 300
24000 20000 300
24000 21000 300
24000 22000 300
24000 23000 300
24000 24000 300
24000 25000 300
24000 26000 300
24000 27000 300
24000 28000 300
24000 29000 300
24000 30000 300
25000 0 300
25000 1000 300
25000 2000 300
25000 3000 300
25000 4000 300
25000 5000 300
25000 6000 300
25000 7000 300
25000 8000 300
25000 9000 300
25000 10000 300
25000 11000 300
25000 12000 300
25000 13000 300
25000 14000 300
25000 15000 300
25000 16000 300
25000 17000 300
25000 18000 300
25000 19000 300
25000 20000 300
25000 21000 300
25000 22000 300
25000 23000 300
25000 24000 300
25000 25000 300
25000 26000 300
25000 27000 300
25000 28000 300
25000 29000 300
25000 30000 300
26000 0 300
26000 1000 300
26000 2000 300
26000 3000 300
26000 4000 300
26000 5000 300
26000 6000 300
26000 7000 300
26000 8000 300
26000 9000 300
26000 10000 300
26000 11000 300
26000 12000 300
26000 13000 300
26000 14000 300
26000 15000 300
26000 16000 300
26000 17000 300
26000 18000 300
26000 19000 300
26000 20000 300
26000 21000 300
26000 22000 300
26000 23000 300
26000 24000 300
26000 25000 300
26000 26000 300
26000 27000 300
26000 28000 300
26000 29000 300
26000 30000 300
27000 0 300
27000 1000 300
27000 2000 300
27000 3000 300
27000 4000 300
27000 5000 300
27000 6000 300
27000 7000 300
27000 8000 300
27000 9000 300
27000 10000 300
27000 11000 300
27000 12000 300
27000 13000 300
27000 14000 300
27000 15000 300
27000 16000 300
27000 17000 300
27000 18000 300
27000 19000 300
27000 20000 300
27000 21000 300
27000 22000 300
27000 23000 300
27000 24000 300
27000 25000 300
27000 26000 300
27000 27000 300
27000 28000 300
27000 29000 300
27000 30000 300
28000 0 300
28000 1000 300
28000 2000 300
28000 3000 300
28000 4000 300
28000 5000 300
28000 6000 300
28000 7000 300
28000 8000 300
28000 9000 300
28000 10000 300
28000 11000 300
28000 12000 300
28000 13000 300
28000 14000 300
28000 15000 300
28000 16000 300
28000 17000 300
28000 18000 300
28000 19000 300
28000 20000 300
28000 21000 300
28000 22000 300
28000 23000 300
28000 24000 300
28000 25000 300
28000 26000 300
28000 27000 300
28000 28000 300
28000 29000 300
28000 30000 300
29000 0 300
29000 1000 300
29000 2000 300
29000 3000 300
29000 4000 300
29000 5000 300
29000 6000 300
29000 7000 300
29000 8000 300
29000 9000 300
29000 10000 300
29000 11000 300
29000 12000 300
29000 13000 300
29000 14000 300
29000 15000 300
29000 16000 300
29000 17000 300
29000 18000 300
29000 19000 300
29000 20000 300
29000 21000 300
29000 22000 300
29000 23000 300
29000 24000 300
29000 25000 300
29000 26000 300
29000 27000 300
29000 28000 300
29000 29000 300
29000 30000 300
30000 0 300
30000 1000 300
30000 2000 300
30000 3000 300
30000 4000 300
30000 5000 300
30000 6000 300
30000 7000 300
30000 8000 300
30000 9000 300
30000 10000 300
30000 11000 300
30000 12000 300
30000 13000 300
30000 14000 300
30000 15000 300
30000 16000 300
30000 17000 300
30000 18000 300
30000 19000 300
30000 20000 300
30000 21000 300
30000 22000 300
30000 23000 300
30000 24000 300
30000 25000 300
30000 26000 300
30000 27000 300
30000 28000 300
30000 29000 300
30000 30000 300
31000 0 300
31000 1000 300
31000 2000 300
31000 3000 300
31000 4000 300
31000 5000 300
31000 6000 300
31000 7000 300
31000 8000 300
31000 9000 300
31000 10000 300
31000 11000 300
31000 12000 300
31000 13000 300
31000 14000 300
31000 15000 300
31000 16000 300
31000 17000 300
31000 18000 300
31000 19000 300
31000 20000 300
31000 21000 300
31000 22000 300
31000 23000 300
31000 24000 300
31000 25000 300
31000 26000 300
31000 27000 300
31000 28000 300
31000 29000 300
31000 30000 300
0 0 1569
0 1000 3469
0 2000 4819
0 3000 7369
0 4000 9419
0 5000 6619
0 6000 719
0 7000 2469
0 8000 5719
0 9000 2519
0 10000 7169
0 11000 4969
0 12000 4019
0 13000 7519
0 14000 8419
0 15000 4069
0 16000 9719
0 17000 3269
0 18000 8069
0 19000 69
0 20000 6069
0 21000 5269
0 22000 9469
0 23000 4219
0 24000 1019
0 25000 3869
0 26000 3469
0 27000 6019
0 28000 169
0 29000 1669
0 30000 2269
1000 0 669
1000 1000 6219
1000 2000 6069
1000 3000 6919
1000 4000 969
1000 5000 8569
1000 6000 3169
1000 7000 2669
1000 8000 9719
1000 9000 1219
1000 10000 9369
1000 11000 6369
1000 12000 719
1000 13000 6919
1000 14000 5669
1000 15000 8969
1000 16000 3069
1000 17000 9969
1000 18000 3619
1000 19000 6069
1000 20000 3519
1000 21000 8669
1000 22000 8169
1000 23000 8669
1000 24000 1369
1000 25000 169
1000 26000 8969
1000 27000 5869
1000 28000 9519
1000 29000 2819
1000 30000 3169
2000 0 1119
2000 1000 9369
2000 2000 1269
2000 3000 469
2000 4000 9319
2000 5000 4669
2000 6000 5569
2000 7000 7269
2000 8000 4819
2000 9000 9819
2000 10000 9169
2000 11000 8569
2000 12000 719
2000 13000 3719
2000 14000 5519
2000 15000 4769
2000 16000 6119
2000 17000 769
2000 18000 2319
2000 19000 9669
2000 20000 9719
2000 21000 5969
2000 22000 8869
2000 23000 3719
2000 24000 4819
2000 25000 7119
2000 26000 7669
2000 27000 969
2000 28000 3569
2000 29000 8969
2000 30000 5319
3000 0 7469
3000 1000 3919
3000 2000 1319
3000 3000 3469
3000 4000 8719
3000 5000 5719
3000 6000 3869
3000 7000 9219
3000 8000 3119
3000 9000 8969
3000 10000 8319
3000 11000 7669
3000 12000 6169
3000 13000 3669
3000 14000 9569
3000 15000 6019
3000 16000 2869
3000 17000 9619
3000 18000 8269
3000 19000 9469
3000 20000 6119
3000 21000 2269
3000 22000 769
3000 23000 7869
3000 24000 9019
3000 25000 5169
3000 26000 4369
3000 27000 3019
3000 28000 9219
3000 29000 9219
3000 30000 7869
4000 0 8619
4000 1000 8069
4000 2000 2619
4000 3000 7319
4000 4000 119
4000 5000 1769
4000 6000 5519
4000 7000 9969
4000 8000 5669
4000 9000 8769
4000 10000 7269
4000 11000 6869
4000 12000 9919
4000 13000 5969
4000 14000 119
4000 15000 3719
4000 16000 7769
4000 17000 7869
4000 18000 9569
4000 19000 4769
4000 20000 1719
4000 21000 269
4000 22000 8469
4000 23000 6769
4000 24000 3469
4000 25000 9419
4000 26000 2219
4000 27000 2619
4000 28000 4469
4000 29000 8769
4000 30000 1419
5000 0 4969
5000 1000 8619
5000 2000 2269
5000 3000 369
5000 4000 3119
5000 5000 1019
5000 6000 5669
5000 7000 6919
5000 8000 669
5000 9000 3619
5000 10000 7469
5000 11000 6819
5000 12000 2569
5000 13000 3769
5000 14000 4769
5000 15000 3219
5000 16000 1719
5000 17000 5119
5000 18000 3019
5000 19000 5669
5000 20000 5769
5000 21000 4119
5000 22000 1019
5000 23000 819
5000 24000 8869
5000 25000 9869
5000 26000 9619
5000 27000 3269
5000 28000 7969
5000 29000 4569
5000 30000 8869
6000 0 8369
6000 1000 2669
6000 2000 8019
6000 3000 3319
6000 4000 3919
6000 5000 7119
6000 6000 2719
6000 7000 4369
6000 8000 4969
6000 9000 4869
6000 10000 7019
6000 11000 3169
6000 12000 5419
6000 13000 519
6000 14000 9219
6000 15000 1369
6000 16000 7919
6000 17000 7069
6000 18000 5769
6000 19000 8069
6000 20000 8619
6000 21000 2719
6000 22000 1619
6000 23000 6419
6000 24000 7169
6000 25000 5019
6000 26000 8269
6000 27000 9219
6000 28000 6719
6000 29000 8719
6000 30000 219
7000 0 719
7000 1000 5069
7000 2000 8769
7000 3000 3519
7000 4000 9069
7000 5000 7519
7000 6000 3469
7000 7000 9619
7000 8000 4969
7000 9000 7169
7000 10000 6769
7000 11000 9069
7000 12000 2069
7000 13000 4269
7000 14000 7119
7000 15000 7869
7000 16000 4869
7000 17000 4319
7000 18000 6719
7000 19000 4319
7000 20000 6769
7000 21000 5519
7000 22000 5569
7000 23000 1219
7000 24000 1919
7000 25000 7519
7000 26000 6469
7000 27000 869
7000 28000 7719
7000 29000 2619
7000 30000 6719
8000 0 5569
8000 1000 2419
8000 2000 5169
8000 3000 6919
8000 4000 5619
8000 5000 4019
8000 6000 1469
8000 7000 1919
8000 8000 7969
8000 9000 9519
8000 10000 919
8000 11000 1919
8000 12000 9069
8000 13000 6369
8000 14000 1469
8000 15000 7819
8000 16000 2169
8000 17000 8069
8000 18000 1419
8000 19000 6669
8000 20000 3819
8000 21000 6069
8000 22000 9319
8000 23000 2069
8000 24000 5919
8000 25000 7019
8000 26000 6419
8000 27000 8419
8000 28000 5169
8000 29000 4219
8000 30000 4219
9000 0 3519
9000 1000 119
9000 2000 3519
9000 3000 3519
9000 4000 3169
9000 5000 8969
9000 6000 4719
9000 7000 6269
9000 8000 619
9000 9000 7369
9000 10000 519
9000 11000 9619
9000 12000 9669
9000 13000 7069
9000 14000 1069
9000 15000 3369
9000 16000 6969
9000 17000 519
9000 18000 5169
9000 19000 2769
9000 20000 2169
9000 21000 5969
9000 22000 8369
9000 23000 4469
9000 24000 219
9000 25000 1469
9000 26000 6619
9000 27000 3219
9000 28000 9269
9000 29000 7769
9000 30000 4069
10000 0 269
10000 1000 5769
10000 2000 1019
10000 3000 6269
10000 4000 3719
10000 5000 1719
10000 6000 7619
10000 7000 4619
10000 8000 6619
10000 9000 8119
10000 10000 8119
10000 11000 2269
10000 12000 1269
10000 13000 4969
10000 14000 7319
10000 15000 619
10000 16000 2919
10000 17000 4269
10000 18000 4619
10000 19000 3219
10000 20000 3719
10000 21000 969
10000 22000 919
10000 23000 9569
10000 24000 4419
10000 25000 6769
10000 26000 9619
10000 27000 5069
10000 28000 6219
10000 29000 4069
10000 30000 3969
11000 0 6119
11000 1000 5319
11000 2000 6019
11000 3000 3119
11000 4000 2069
11000 5000 9919
11000 6000 8969
11000 7000 3919
11000 8000 1169
11000 9000 6919
11000 10000 4319
11000 11000 669
11000 12000 6069
11000 13000 4719
11000 14000 5869
11000 15000 8919
11000 16000 1469
11000 17000 1869
11000 18000 2519
11000 19000 5769
11000 20000 919
11000 21000 8369
11000 22000 9069
11000 23000 7519
11000 24000 5469
11000 25000 5169
11000 26000 3469
11000 27000 9969
11000 28000 2019
11000 29000 8869
11000 30000 5869
12000 0 5619
12000 1000 119
12000 2000 7769
12000 3000 7569
12000 4000 8969
12000 5000 2469
12000 6000 4369
12000 7000 8219
12000 8000 8469
12000 9000 8069
12000 10000 9369
12000 11000 1369
12000 12000 6369
12000 13000 6519
12000 14000 9669
12000 15000 3269
12000 16000 9569
12000 17000 6369
12000 18000 3019
12000 19000 5769
12000 20000 9569
12000 21000 4419
12000 22000 8569
12000 23000 3919
12000 24000 1119
12000 25000 6519
12000 26000 3619
12000 27000 219
12000 28000 4969
12000 29000 2269
12000 30000 6519
13000 0 2369
13000 1000 8819
13000 2000 4719
13000 3000 7019
13000 4000 2269
13000 5000 9319
13000 6000 3569
13000 7000 5719
13000 8000 2319
13000 9000 3319
13000 10000 1169
13000 11000 3019
13000 12000 4819
13000 13000 6219
13000 14000 3619
13000 15000 1069
13000 16000 4319
13000 17000 2569
13000 18000 8119
13000 19000 8569
13000 20000 8719
13000 21000 7769
13000 22000 2719
13000 23000 9469
13000 24000 3319
13000 25000 6119
13000 26000 1769
13000 27000 5869
13000 28000 4519
13000 29000 6019
13000 30000 9819
14000 0 5519
14000 1000 9719
14000 2000 319
14000 3000 9319
14000 4000 4819
14000 5000 6369
14000 6000 6919
14000 7000 8519
14000 8000 8719
14000 9000 2669
14000 10000 7719
14000 11000 4469
14000 12000 2669
14000 13000 3869
14000 14000 1669
14000 15000 5769
14000 16000 3069
14000 17000 919
14000 18000 4769
14000 19000 4169
14000 20000 9719
14000 21000 9319
14000 22000 3669
14000 23000 9269
14000 24000 6969
14000 25000 4569
14000 26000 3769
14000 27000 6619
14000 28000 7819
14000 29000 1269
14000 30000 7719
15000 0 9419
15000 1000 7369
15000 2000 4269
15000 3000 3869
15000 4000 9519
15000 5000 7569
15000 6000 8369
15000 7000 7469
15000 8000 8019
15000 9000 9619
15000 10000 1269
15000 11000 2019
15000 12000 2619
15000 13000 9519
15000 14000 119
15000 15000 1469
15000 16000 7169
15000 17000 5769
15000 18000 5769
15000 19000 4419
15000 20000 8269
15000 21000 1719
15000 22000 6619
15000 23000 6019
15000 24000 5669
15000 25000 9619
15000 26000 9569
15000 27000 2169
15000 28000 7569
15000 29000 3519
15000 30000 6569
16000 0 1469
16000 1000 1919
16000 2000 2069
16000 3000 5419
16000 4000 5819
16000 5000 619
16000 6000 8569
16000 7000 369
16000 8000 8719
16000 9000 4269
16000 10000 4619
16000 11000 6769
16000 12000 3369
16000 13000 1369
16000 14000 8619
16000 15000 9269
16000 16000 3769
16000 17000 1819
16000 18000 8519
16000 19000 5869
16000 20000 7119
16000 21000 6819
16000 22000 369
16000 23000 9919
16000 24000 769
16000 25000 1019
16000 26000 3519
16000 27000 3369
16000 28000 519
16000 29000 1469
16000 30000 2019
17000 0 5069
17000 1000 3469
17000 2000 8019
17000 3000 9319
17000 4000 5669
17000 5000 9669
17000 6000 6469
17000 7000 8569
17000 8000 7269
17000 9000 3819
17000 10000 4819
17000 11000 8519
17000 12000 1319
17000 13000 769
17000 14000 5419
17000 15000 869
17000 16000 4619
17000 17000 1419
17000 18000 5869
17000 19000 2719
17000 20000 7469
17000 21000 4019
17000 22000 4269
17000 23000 7519
17000 24000 3769
17000 25000 7719
17000 26000 1919
17000 27000 1169
17000 28000 8969
17000 29000 8019
17000 30000 6019
18000 0 8219
18000 1000 4519
18000 2000 9019
18000 3000 5719
18000 4000 5269
18000 5000 7369
18000 6000 6569
18000 7000 6919
18000 8000 4019
18000 9000 1569
18000 10000 1319
18000 11000 9469
18000 12000 6419
18000 13000 1119
18000 14000 7319
18000 15000 3819
18000 16000 1419
18000 17000 4869
18000 18000 1819
18000 19000 8019
18000 20000 569
18000 21000 8369
18000 22000 7819
18000 23000 8819
18000 24000 9369
18000 25000 1619
18000 26000 7819
18000 27000 4669
18000 28000 7969
18000 29000 3569
18000 30000 3519
19000 0 5819
19000 1000 169
19000 2000 4669
19000 3000 8619
19000 4000 1819
19000 5000 5369
19000 6000 5069
19000 7000 7619
19000 8000 5419
19000 9000 1169
19000 10000 9119
19000 11000 419
19000 12000 5869
19000 13000 819
19000 14000 4669
19000 15000 6869
19000 16000 6369
19000 17000 869
19000 18000 5569
19000 19000 4319
19000 20000 7019
19000 21000 5719
19000 22000 7469
19000 23000 3519
19000 24000 4769
19000 25000 5069
19000 26000 969
19000 27000 1969
19000 28000 2819
19000 29000 7519
19000 30000 2519
20000 0 5469
20000 1000 4419
20000 2000 5069
20000 3000 3269
20000 4000 4669
20000 5000 5069
20000 6000 2119
20000 7000 1269
20000 8000 3469
20000 9000 869
20000 10000 3269
20000 11000 919
20000 12000 4969
20000 13000 9519
20000 14000 5519
20000 15000 3619
20000 16000 1269
20000 17000 5269
20000 18000 9819
20000 19000 5469
20000 20000 9219
20000 21000 5969
20000 22000 4319
20000 23000 6919
20000 24000 969
20000 25000 4819
20000 26000 1269
20000 27000 5619
20000 28000 7619
20000 29000 4519
20000 30000 3019
21000 0 5619
21000 1000 9719
21000 2000 3569
21000 3000 5769
21000 4000 3069
21000 5000 8569
21000 6000 8469
21000 7000 6469
21000 8000 2919
21000 9000 5719
21000 10000 1369
21000 11000 9519
21000 12000 4119
21000 13000 4569
21000 14000 2719
21000 15000 3319
21000 16000 7919
21000 17000 4419
21000 18000 4819
21000 19000 9619
21000 20000 5719
21000 21000 1769
21000 22000 1669
21000 23000 8619
21000 24000 8419
21000 25000 7269
21000 26000 969
21000 27000 6919
21000 28000 669
21000 29000 169
21000 30000 4119
22000 0 4269
22000 1000 2169
22000 2000 4969
22000 3000 8769
22000 4000 7519
22000 5000 8769
22000 6000 8169
22000 7000 119
22000 8000 969
22000 9000 1469
22000 10000 8569
22000 11000 6219
22000 12000 1819
22000 13000 1819
22000 14000 8619
22000 15000 2719
22000 16000 2719
22000 17000 9169
22000 18000 3769
22000 19000 9219
22000 20000 2769
22000 21000 4669
22000 22000 7519
22000 23000 5619
22000 24000 8519
22000 25000 4469
22000 26000 5219
22000 27000 1669
22000 28000 5819
22000 29000 9569
22000 30000 9019
23000 0 219
23000 1000 4369
23000 2000 7419
23000 3000 4119
23000 4000 3819
23000 5000 3719
23000 6000 8119
23000 7000 2419
23000 8000 5169
23000 9000 3669
23000 10000 9119
23000 11000 519
23000 12000 5919
23000 13000 719
23000 14000 1069
23000 15000 3069
23000 16000 3619
23000 17000 5369
23000 18000 9469
23000 19000 7769
23000 20000 4569
23000 21000 9269
23000 22000 5519
23000 23000 7319
23000 24000 1919
23000 25000 7269
23000 26000 7319
23000 27000 1219
23000 28000 4319
23000 29000 7519
23000 30000 1669
24000 0 6419
24000 1000 419
24000 2000 9119
24000 3000 8119
24000 4000 469
24000 5000 7669
24000 6000 2319
24000 7000 8469
24000 8000 2569
24000 9000 1619
24000 10000 8719
24000 11000 2719
24000 12000 5019
24000 13000 5019
24000 14000 2519
24000 15000 5069
24000 16000 6719
24000 17000 9469
24000 18000 4069
24000 19000 7819
24000 20000 4819
24000 21000 1519
24000 22000 5619
24000 23000 3269
24000 24000 8769
24000 25000 9919
24000 26000 7469
24000 27000 3119
24000 28000 3469
24000 29000 7069
24000 30000 3269
25000 0 4219
25000 1000 7269
25000 2000 2269
25000 3000 5719
25000 4000 4969
25000 5000 2069
25000 6000 6419
25000 7000 719
25000 8000 2769
25000 9000 5719
25000 10000 4069
25000 11000 1919
25000 12000 9669
25000 13000 3769
25000 14000 9519
25000 15000 5969
25000 16000 2269
25000 17000 8719
25000 18000 9769
25000 19000 6569
25000 20000 8419
25000 21000 5369
25000 22000 4869
25000 23000 1119
25000 24000 4569
25000 25000 4519
25000 26000 4169
25000 27000 1169
25000 28000 1919
25000 29000 1319
25000 30000 1819
26000 0 3619
26000 1000 4219
26000 2000 9669
26000 3000 1719
26000 4000 4319
26000 5000 8469
26000 6000 9569
26000 7000 5219
26000 8000 269
26000 9000 2669
26000 10000 4019
26000 11000 569
26000 12000 4769
26000 13000 6369
26000 14000 4319
26000 15000 3069
26000 16000 6819
26000 17000 3219
26000 18000 9319
26000 19000 1919
26000 20000 4619
26000 21000 619
26000 22000 5519
26000 23000 9119
26000 24000 5969
26000 25000 9469
26000 26000 419
26000 27000 2019
26000 28000 1319
26000 29000 4069
26000 30000 3319
27000 0 1569
27000 1000 2869
27000 2000 1269
27000 3000 8869
27000 4000 919
27000 5000 5869
27000 6000 3669
27000 7000 219
27000 8000 8419
27000 9000 8269
27000 10000 1069
27000 11000 9519
27000 12000 3769
27000 13000 6869
27000 14000 8819
27000 15000 569
27000 16000 6669
27000 17000 8269
27000 18000 4919
27000 19000 9419
27000 20000 169
27000 21000 6969
27000 22000 7219
27000 23000 5519
27000 24000 3369
27000 25000 8919
27000 26000 8819
27000 27000 9919
27000 28000 4369
27000 29000 3469
27000 30000 9819
28000 0 1569
28000 1000 2919
28000 2000 1369
28000 3000 4269
28000 4000 9469
28000 5000 5619
28000 6000 5319
28000 7000 2319
28000 8000 4719
28000 9000 3569
28000 10000 9069
28000 11000 9869
28000 12000 9419
28000 13000 3469
28000 14000 1269
28000 15000 3969
28000 16000 1919
28000 17000 6169
28000 18000 8069
28000 19000 4219
28000 20000 7069
28000 21000 9269
28000 22000 5969
28000 23000 4519
28000 24000 9769
28000 25000 9969
28000 26000 7169
28000 27000 6119
28000 28000 7419
28000 29000 319
28000 30000 2569
29000 0 1019
29000 1000 4719
29000 2000 4269
29000 3000 7569
29000 4000 6319
29000 5000 3619
29000 6000 9419
29000 7000 6119
29000 8000 4919
29000 9000 3169
29000 10000 2119
29000 11000 719
29000 12000 219
29000 13000 8919
29000 14000 3919
29000 15000 6769
29000 16000 6569
29000 17000 3869
29000 18000 8019
29000 19000 4469
29000 20000 3519
29000 21000 8669
29000 22000 5419
29000 23000 2919
29000 24000 2519
29000 25000 2569
29000 26000 3069
29000 27000 2469
29000 28000 4219
29000 29000 569
29000 30000 719
30000 0 5869
30000 1000 1069
30000 2000 8169
30000 3000 4119
30000 4000 3819
30000 5000 7369
30000 6000 3669
30000 7000 3319
30000 8000 3919
30000 9000 4869
30000 10000 4519
30000 11000 5319
30000 12000 4369
30000 13000 2069
30000 14000 2369
30000 15000 1069
30000 16000 7669
30000 17000 9219
30000 18000 1519
30000 19000 2619
30000 20000 4619
30000 21000 1419
30000 22000 2919
30000 23000 1269
30000 24000 2869
30000 25000 5869
30000 26000 8169
30000 27000 6419
30000 28000 7119
30000 29000 1319
30000 30000 7569
31000 0 1269
31000 1000 3119
31000 2000 9869
31000 3000 469
31000 4000 1569
31000 5000 2419
31000 6000 1119
31000 7000 2919
31000 8000 1269
31000 9000 2169
31000 10000 1519
31000 11000 4819
31000 12000 8469
31000 13000 9869
31000 14000 6519
31000 15000 3669
31000 16000 8969
31000 17000 2269
31000 18000 8219
31000 19000 2269
31000 20000 7619
31000 21000 5919
31000 22000 9419
31000 23000 2769
31000 24000 6919
31000 25000 9569
31000 26000 4369
31000 27000 8469
31000 28000 4469
31000 29000 2119
31000 30000 4869
