992 992 10
0 0 300
0 1000 300
0 2000 300
0 3000 300
0 4000 300
0 5000 300
0 6000 300
0 7000 300
0 8000 300
0 9000 300
0 10000 300
0 11000 300
0 12000 300
0 13000 300
0 14000 300
0 15000 300
0 16000 300
0 17000 300
0 18000 300
0 19000 300
0 20000 300
0 21000 300
0 22000 300
0 23000 300
0 24000 300
0 25000 300
0 26000 300
0 27000 300
0 28000 300
0 29000 300
0 30000 300
1000 0 300
1000 1000 300
1000 2000 300
1000 3000 300
1000 4000 300
1000 5000 300
1000 6000 300
1000 7000 300
1000 8000 300
1000 9000 300
1000 10000 300
1000 11000 300
1000 12000 300
1000 13000 300
1000 14000 300
1000 15000 300
1000 16000 300
1000 17000 300
1000 18000 300
1000 19000 300
1000 20000 300
1000 21000 300
1000 22000 300
1000 23000 300
1000 24000 300
1000 25000 300
1000 26000 300
1000 27000 300
1000 28000 300
1000 29000 300
1000 30000 300
2000 0 300
2000 1000 300
2000 2000 300
2000 3000 300
2000 4000 300
2000 5000 300
2000 6000 300
2000 7000 300
2000 8000 300
2000 9000 300
2000 10000 300
2000 11000 300
2000 12000 300
2000 13000 300
2000 14000 300
2000 15000 300
2000 16000 300
2000 17000 300
2000 18000 300
2000 19000 300
2000 20000 300
2000 21000 300
2000 22000 300
2000 23000 300
2000 24000 300
2000 25000 300
2000 26000 300
2000 27000 300
2000 28000 300
2000 29000 300
2000 30000 300
3000 0 300
3000 1000 300
3000 2000 300
3000 3000 300
3000 4000 300
3000 5000 300
3000 6000 300
3000 7000 300
3000 8000 300
3000 9000 300
3000 10000 300
3000 11000 300
3000 12000 300
3000 13000 300
3000 14000 300
3000 15000 300
3000 16000 300
3000 17000 300
3000 18000 300
3000 19000 300
3000 20000 300
3000 21000 300
3000 22000 300
3000 23000 300
3000 24000 300
3000 25000 300
3000 26000 300
3000 27000 300
3000 28000 300
3000 29000 300
3000 30000 300
4000 0 300
4000 1000 300
4000 2000 300
4000 3000 300
4000 4000 300
4000 5000 300
4000 6000 300
4000 7000 300
4000 8000 300
4000 9000 300
4000 10000 300
4000 11000 300
4000 12000 300
4000 13000 300
4000 14000 300
4000 15000 300
4000 16000 300
4000 17000 300
4000 18000 300
4000 19000 300
4000 20000 300
4000 21000 300
4000 22000 300
4000 23000 300
4000 24000 300
4000 25000 300
4000 26000 300
4000 27000 300
4000 28000 300
4000 29000 300
4000 30000 300
5000 0 300
5000 1000 300
5000 2000 300
5000 3000 300
5000 4000 300
5000 5000 300
5000 6000 300
5000 7000 300
5000 8000 300
5000 9000 300
5000 10000 300
5000 11000 300
5000 12000 300
5000 13000 300
5000 14000 300
5000 15000 300
5000 16000 300
5000 17000 300
5000 18000 300
5000 19000 300
5000 20000 300
5000 21000 300
5000 22000 300
5000 23000 300
5000 24000 300
5000 25000 300
5000 26000 300
5000 27000 300
5000 28000 300
5000 29000 300
5000 30000 300
6000 0 300
6000 1000 300
6000 2000 300
6000 3000 300
6000 4000 300
6000 5000 300
6000 6000 300
6000 7000 300
6000 8000 300
6000 9000 300
6000 10000 300
6000 11000 300
6000 12000 300
6000 13000 300
6000 14000 300
6000 15000 300
6000 16000 300
6000 17000 300
6000 18000 300
6000 19000 300
6000 20000 300
6000 21000 300
6000 22000 300
6000 23000 300
6000 24000 300
6000 25000 300
6000 26000 300
6000 27000 300
6000 28000 300
6000 29000 300
6000 30000 300
7000 0 300
7000 1000 300
7000 2000 300
7000 3000 300
7000 4000 300
7000 5000 300
7000 6000 300
7000 7000 300
7000 8000 300
7000 9000 300
7000 10000 300
7000 11000 300
7000 12000 300
7000 13000 300
7000 14000 300
7000 15000 300
7000 16000 300
7000 17000 300
7000 18000 300
7000 19000 300
7000 20000 300
7000 21000 300
7000 22000 300
7000 23000 300
7000 24000 300
7000 25000 300
7000 26000 300
7000 27000 300
7000 28000 300
7000 29000 300
7000 30000 300
8000 0 300
8000 1000 300
8000 2000 300
8000 3000 300
8000 4000 300
8000 5000 300
8000 6000 300
8000 7000 300
8000 8000 300
8000 9000 300
8000 10000 300
8000 11000 300
8000 12000 300
8000 13000 300
8000 14000 300
8000 15000 300
8000 16000 300
8000 17000 300
8000 18000 300
8000 19000 300
8000 20000 300
8000 21000 300
8000 22000 300
8000 23000 300
8000 24000 300
8000 25000 300
8000 26000 300
8000 27000 300
8000 28000 300
8000 29000 300
8000 30000 300
9000 0 300
9000 1000 300
9000 2000 300
9000 3000 300
9000 4000 300
9000 5000 300
9000 6000 300
9000 7000 300
9000 8000 300
9000 9000 300
9000 10000 300
9000 11000 300
9000 12000 300
9000 13000 300
9000 14000 300
9000 15000 300
9000 16000 300
9000 17000 300
9000 18000 300
9000 19000 300
9000 20000 300
9000 21000 300
9000 22000 300
9000 23000 300
9000 24000 300
9000 25000 300
9000 26000 300
9000 27000 300
9000 28000 300
9000 29000 300
9000 30000 300
10000 0 300
10000 1000 300
10000 2000 300
10000 3000 300
10000 4000 300
10000 5000 300
10000 6000 300
10000 7000 300
10000 8000 300
10000 9000 300
10000 10000 300
10000 11000 300
10000 12000 300
10000 13000 300
10000 14000 300
10000 15000 300
10000 16000 300
10000 17000 300
10000 18000 300
10000 19000 300
10000 20000 300
10000 21000 300
10000 22000 300
10000 23000 300
10000 24000 300
10000 25000 300
10000 26000 300
10000 27000 300
10000 28000 300
10000 29000 300
10000 30000 300
11000 0 300
11000 1000 300
11000 2000 300
11000 3000 300
11000 4000 300
11000 5000 300
11000 6000 300
11000 7000 300
11000 8000 300
11000 9000 300
11000 10000 300
11000 11000 300
11000 12000 300
11000 13000 300
11000 14000 300
11000 15000 300
11000 16000 300
11000 17000 300
11000 18000 300
11000 19000 300
11000 20000 300
11000 21000 300
11000 22000 300
11000 23000 300
11000 24000 300
11000 25000 300
11000 26000 300
11000 27000 300
11000 28000 300
11000 29000 300
11000 30000 300
12000 0 300
12000 1000 300
12000 2000 300
12000 3000 300
12000 4000 300
12000 5000 300
12000 6000 300
12000 7000 300
12000 8000 300
12000 9000 300
12000 10000 300
12000 11000 300
12000 12000 300
12000 13000 300
12000 14000 300
12000 15000 300
12000 16000 300
12000 17000 300
12000 18000 300
12000 19000 300
12000 20000 300
12000 21000 300
12000 22000 300
12000 23000 300
12000 24000 300
12000 25000 300
12000 26000 300
12000 27000 300
12000 28000 300
12000 29000 300
12000 30000 300
13000 0 300
13000 1000 300
13000 2000 300
13000 3000 300
13000 4000 300
13000 5000 300
13000 6000 300
13000 7000 300
13000 8000 300
13000 9000 300
13000 10000 300
13000 11000 300
13000 12000 300
13000 13000 300
13000 14000 300
13000 15000 300
13000 16000 300
13000 17000 300
13000 18000 300
13000 19000 300
13000 20000 300
13000 21000 300
13000 22000 300
13000 23000 300
13000 24000 300
13000 25000 300
13000 26000 300
13000 27000 300
13000 28000 300
13000 29000 300
13000 30000 300
14000 0 300
14000 1000 300
14000 2000 300
14000 3000 300
14000 4000 300
14000 5000 300
14000 6000 300
14000 7000 300
14000 8000 300
14000 9000 300
14000 10000 300
14000 11000 300
14000 12000 300
14000 13000 300
14000 14000 300
14000 15000 300
14000 16000 300
14000 17000 300
14000 18000 300
14000 19000 300
14000 20000 300
14000 21000 300
14000 22000 300
14000 23000 300
14000 24000 300
14000 25000 300
14000 26000 300
14000 27000 300
14000 28000 300
14000 29000 300
14000 30000 300
15000 0 300
15000 1000 300
15000 2000 300
15000 3000 300
15000 4000 300
15000 5000 300
15000 6000 300
15000 7000 300
15000 8000 300
15000 9000 300
15000 10000 300
15000 11000 300
15000 12000 300
15000 13000 300
15000 14000 300
15000 15000 300
15000 16000 300
15000 17000 300
15000 18000 300
15000 19000 300
15000 20000 300
15000 21000 300
15000 22000 300
15000 23000 300
15000 24000 300
15000 25000 300
15000 26000 300
15000 27000 300
15000 28000 300
15000 29000 300
15000 30000 300
16000 0 300
16000 1000 300
16000 2000 300
16000 3000 300
16000 4000 300
16000 5000 300
16000 6000 300
16000 7000 300
16000 8000 300
16000 9000 300
16000 10000 300
16000 11000 300
16000 12000 300
16000 13000 300
16000 14000 300
16000 15000 300
16000 16000 300
16000 17000 300
16000 18000 300
16000 19000 300
16000 20000 300
16000 21000 300
16000 22000 300
16000 23000 300
16000 24000 300
16000 25000 300
16000 26000 300
16000 27000 300
16000 28000 300
16000 29000 300
16000 30000 300
17000 0 300
17000 1000 300
17000 2000 300
17000 3000 300
17000 4000 300
17000 5000 300
17000 6000 300
17000 7000 300
17000 8000 300
17000 9000 300
17000 10000 300
17000 11000 300
17000 12000 300
17000 13000 300
17000 14000 300
17000 15000 300
17000 16000 300
17000 17000 300
17000 18000 300
17000 19000 300
17000 20000 300
17000 21000 300
17000 22000 300
17000 23000 300
17000 24000 300
17000 25000 300
17000 26000 300
17000 27000 300
17000 28000 300
17000 29000 300
17000 30000 300
18000 0 300
18000 1000 300
18000 2000 300
18000 3000 300
18000 4000 300
18000 5000 300
18000 6000 300
18000 7000 300
18000 8000 300
18000 9000 300
18000 10000 300
18000 11000 300
18000 12000 300
18000 13000 300
18000 14000 300
18000 15000 300
18000 16000 300
18000 17000 300
18000 18000 300
18000 19000 300
18000 20000 300
18000 21000 300
18000 22000 300
18000 23000 300
18000 24000 300
18000 25000 300
18000 26000 300
18000 27000 300
18000 28000 300
18000 29000 300
18000 30000 300
19000 0 300
19000 1000 300
19000 2000 300
19000 3000 300
19000 4000 300
19000 5000 300
19000 6000 300
19000 7000 300
19000 8000 300
19000 9000 300
19000 10000 300
19000 11000 300
19000 12000 300
19000 13000 300
19000 14000 300
19000 15000 300
19000 16000 300
19000 17000 300
19000 18000 300
19000 19000 300
19000 20000 300
19000 21000 300
19000 22000 300
19000 23000 300
19000 24000 300
19000 25000 300
19000 26000 300
19000 27000 300
19000 28000 300
19000 29000 300
19000 30000 300
20000 0 300
20000 1000 300
20000 2000 300
20000 3000 300
20000 4000 300
20000 5000 300
20000 6000 300
20000 7000 300
20000 8000 300
20000 9000 300
20000 10000 300
20000 11000 300
20000 12000 300
20000 13000 300
20000 14000 300
20000 15000 300
20000 16000 300
20000 17000 300
20000 18000 300
20000 19000 300
20000 20000 300
20000 21000 300
20000 22000 300
20000 23000 300
20000 24000 300
20000 25000 300
20000 26000 300
20000 27000 300
20000 28000 300
20000 29000 300
20000 30000 300
21000 0 300
21000 1000 300
21000 2000 300
21000 3000 300
21000 4000 300
21000 5000 300
21000 6000 300
21000 7000 300
21000 8000 300
21000 9000 300
21000 10000 300
21000 11000 300
21000 12000 300
21000 13000 300
21000 14000 300
21000 15000 300
21000 16000 300
21000 17000 300
21000 18000 300
21000 19000 300
21000 20000 300
21000 21000 300
21000 22000 300
21000 23000 300
21000 24000 300
21000 25000 300
21000 26000 300
21000 27000 300
21000 28000 300
21000 29000 300
21000 30000 300
22000 0 300
22000 1000 300
22000 2000 300
22000 3000 300
22000 4000 300
22000 5000 300
22000 6000 300
22000 7000 300
22000 8000 300
22000 9000 300
22000 10000 300
22000 11000 300
22000 12000 300
22000 13000 300
22000 14000 300
22000 15000 300
22000 16000 300
22000 17000 300
22000 18000 300
22000 19000 300
22000 20000 300
22000 21000 300
22000 22000 300
22000 23000 300
22000 24000 300
22000 25000 300
22000 26000 300
22000 27000 300
22000 28000 300
22000 29000 300
22000 30000 300
23000 0 300
23000 1000 300
23000 2000 300
23000 3000 300
23000 4000 300
23000 5000 300
23000 6000 300
23000 7000 300
23000 8000 300
23000 9000 300
23000 10000 300
23000 11000 300
23000 12000 300
23000 13000 300
23000 14000 300
23000 15000 300
23000 16000 300
23000 17000 300
23000 18000 300
23000 19000 300
23000 20000 300
23000 21000 300
23000 22000 300
23000 23000 300
23000 24000 300
23000 25000 300
23000 26000 300
23000 27000 300
23000 28000 300
23000 29000 300
23000 30000 300
24000 0 300
24000 1000 300
24000 2000 300
24000 3000 300
24000 4000 300
24000 5000 300
24000 6000 300
24000 7000 300
24000 8000 300
24000 9000 300
24000 10000 300
24000 11000 300
24000 12000 300
24000 13000 300
24000 14000 300
24000 15000 300
24000 16000 300
24000 17000 300
24000 18000 300
24000 19000 300
24000 20000 300
24000 21000 300
24000 22000 300
24000 23000 300
24000 24000 300
24000 25000 300
24000 26000 300
24000 27000 300
24000 28000 300
24000 29000 300
24000 30000 300
25000 0 300
25000 1000 300
25000 2000 300
25000 3000 300
25000 4000 300
25000 5000 300
25000 6000 300
25000 7000 300
25000 8000 300
25000 9000 300
25000 10000 300
25000 11000 300
25000 12000 300
25000 13000 300
25000 14000 300
25000 15000 300
25000 16000 300
25000 17000 300
25000 18000 300
25000 19000 300
25000 20000 300
25000 21000 300
25000 22000 300
25000 23000 300
25000 24000 300
25000 25000 300
25000 26000 300
25000 27000 300
25000 28000 300
25000 29000 300
25000 30000 300
26000 0 300
26000 1000 300
26000 2000 300
26000 3000 300
26000 4000 300
26000 5000 300
26000 6000 300
26000 7000 300
26000 8000 300
26000 9000 300
26000 10000 300
26000 11000 300
26000 12000 300
26000 13000 300
26000 14000 300
26000 15000 300
26000 16000 300
26000 17000 300
26000 18000 300
26000 19000 300
26000 20000 300
26000 21000 300
26000 22000 300
26000 23000 300
26000 24000 300
26000 25000 300
26000 26000 300
26000 27000 300
26000 28000 300
26000 29000 300
26000 30000 300
27000 0 300
27000 1000 300
27000 2000 300
27000 3000 300
27000 4000 300
27000 5000 300
27000 6000 300
27000 7000 300
27000 8000 300
27000 9000 300
27000 10000 300
27000 11000 300
27000 12000 300
27000 13000 300
27000 14000 300
27000 15000 300
27000 16000 300
27000 17000 300
27000 18000 300
27000 19000 300
27000 20000 300
27000 21000 300
27000 22000 300
27000 23000 300
27000 24000 300
27000 25000 300
27000 26000 300
27000 27000 300
27000 28000 300
27000 29000 300
27000 30000 300
28000 0 300
28000 1000 300
28000 2000 300
28000 3000 300
28000 4000 300
28000 5000 300
28000 6000 300
28000 7000 300
28000 8000 300
28000 9000 300
28000 10000 300
28000 11000 300
28000 12000 300
28000 13000 300
28000 14000 300
28000 15000 300
28000 16000 300
28000 17000 300
28000 18000 300
28000 19000 300
28000 20000 300
28000 21000 300
28000 22000 300
28000 23000 300
28000 24000 300
28000 25000 300
28000 26000 300
28000 27000 300
28000 28000 300
28000 29000 300
28000 30000 300
29000 0 300
29000 1000 300
29000 2000 300
29000 3000 300
29000 4000 300
29000 5000 300
29000 6000 300
29000 7000 300
29000 8000 300
29000 9000 300
29000 10000 300
29000 11000 300
29000 12000 300
29000 13000 300
29000 14000 300
29000 15000 300
29000 16000 300
29000 17000 300
29000 18000 300
29000 19000 300
29000 20000 300
29000 21000 300
29000 22000 300
29000 23000 300
29000 24000 300
29000 25000 300
29000 26000 300
29000 27000 300
29000 28000 300
29000 29000 300
29000 30000 300
30000 0 300
30000 1000 300
30000 2000 300
30000 3000 300
30000 4000 300
30000 5000 300
30000 6000 300
30000 7000 300
30000 8000 300
30000 9000 300
30000 10000 300
30000 11000 300
30000 12000 300
30000 13000 300
30000 14000 300
30000 15000 300
30000 16000 300
30000 17000 300
30000 18000 300
30000 19000 300
30000 20000 300
30000 21000 300
30000 22000 300
30000 23000 300
30000 24000 300
30000 25000 300
30000 26000 300
30000 27000 300
30000 28000 300
30000 29000 300
30000 30000 300
31000 0 300
31000 1000 300
31000 2000 300
31000 3000 300
31000 4000 300
31000 5000 300
31000 6000 300
31000 7000 300
31000 8000 300
31000 9000 300
31000 10000 300
31000 11000 300
31000 12000 300
31000 13000 300
31000 14000 300
31000 15000 300
31000 16000 300
31000 17000 300
31000 18000 300
31000 19000 300
31000 20000 300
31000 21000 300
31000 22000 300
31000 23000 300
31000 24000 300
31000 25000 300
31000 26000 300
31000 27000 300
31000 28000 300
31000 29000 300
31000 30000 300
0 0 1619
0 1000 1669
0 2000 2219
0 3000 569
0 4000 4069
0 5000 7669
0 6000 7519
0 7000 4069
0 8000 69
0 9000 7569
0 10000 1919
0 11000 6519
0 12000 9669
0 13000 6619
0 14000 2369
0 15000 7119
0 16000 5219
0 17000 6269
0 18000 3119
0 19000 9619
0 20000 1019
0 21000 819
0 22000 2769
0 23000 6819
0 24000 8219
0 25000 1969
0 26000 6219
0 27000 7369
0 28000 1169
0 29000 619
0 30000 8269
1000 0 2469
1000 1000 8769
1000 2000 9319
1000 3000 9419
1000 4000 6119
1000 5000 5769
1000 6000 5919
1000 7000 2119
1000 8000 8469
1000 9000 169
1000 10000 6669
1000 11000 6969
1000 12000 5719
1000 13000 9669
1000 14000 9019
1000 15000 5269
1000 16000 1419
1000 17000 6919
1000 18000 7119
1000 19000 5519
1000 20000 2269
1000 21000 919
1000 22000 8469
1000 23000 7869
1000 24000 7169
1000 25000 8669
1000 26000 7469
1000 27000 119
1000 28000 4919
1000 29000 7419
1000 30000 4019
2000 0 2319
2000 1000 2919
2000 2000 9419
2000 3000 8569
2000 4000 2519
2000 5000 5819
2000 6000 5219
2000 7000 9619
2000 8000 1519
2000 9000 2869
2000 10000 8219
2000 11000 1219
2000 12000 119
2000 13000 5419
2000 14000 5869
2000 15000 6719
2000 16000 1819
2000 17000 4369
2000 18000 6619
2000 19000 9569
2000 20000 7269
2000 21000 4569
2000 22000 8169
2000 23000 9669
2000 24000 2369
2000 25000 169
2000 26000 9419
2000 27000 6819
2000 28000 1169
2000 29000 5369
2000 30000 1919
3000 0 2469
3000 1000 8319
3000 2000 2169
3000 3000 8269
3000 4000 8969
3000 5000 9919
3000 6000 7569
3000 7000 4219
3000 8000 4269
3000 9000 6519
3000 10000 9619
3000 11000 4119
3000 12000 3669
3000 13000 4019
3000 14000 6669
3000 15000 8619
3000 16000 1869
3000 17000 1019
3000 18000 7019
3000 19000 8719
3000 20000 3369
3000 21000 5469
3000 22000 6969
3000 23000 6919
3000 24000 2269
3000 25000 8119
3000 26000 3069
3000 27000 6969
3000 28000 1919
3000 29000 9669
3000 30000 4669
4000 0 3569
4000 1000 7119
4000 2000 4269
4000 3000 3219
4000 4000 8419
4000 5000 1369
4000 6000 1819
4000 7000 5769
4000 8000 3369
4000 9000 4669
4000 10000 8319
4000 11000 9469
4000 12000 8719
4000 13000 6319
4000 14000 7569
4000 15000 7119
4000 16000 669
4000 17000 7819
4000 18000 8769
4000 19000 9869
4000 20000 1769
4000 21000 8219
4000 22000 5919
4000 23000 4419
4000 24000 5469
4000 25000 8419
4000 26000 3019
4000 27000 469
4000 28000 8769
4000 29000 9569
4000 30000 8219
5000 0 8169
5000 1000 7419
5000 2000 69
5000 3000 1669
5000 4000 1569
5000 5000 769
5000 6000 7819
5000 7000 9069
5000 8000 8669
5000 9000 1069
5000 10000 1419
5000 11000 7869
5000 12000 9219
5000 13000 569
5000 14000 4219
5000 15000 7569
5000 16000 9869
5000 17000 919
5000 18000 7769
5000 19000 9519
5000 20000 9169
5000 21000 4919
5000 22000 4469
5000 23000 4219
5000 24000 1819
5000 25000 8719
5000 26000 4469
5000 27000 6069
5000 28000 7469
5000 29000 2669
5000 30000 5169
6000 0 3719
6000 1000 5069
6000 2000 8569
6000 3000 69
6000 4000 819
6000 5000 8669
6000 6000 2969
6000 7000 4869
6000 8000 8269
6000 9000 969
6000 10000 9669
6000 11000 9719
6000 12000 6869
6000 13000 3369
6000 14000 6769
6000 15000 1419
6000 16000 3219
6000 17000 4669
6000 18000 7319
6000 19000 1769
6000 20000 5869
6000 21000 4319
6000 22000 9769
6000 23000 3719
6000 24000 5769
6000 25000 8819
6000 26000 9169
6000 27000 9619
6000 28000 5969
6000 29000 5569
6000 30000 3519
7000 0 7969
7000 1000 6369
7000 2000 7069
7000 3000 2469
7000 4000 5569
7000 5000 7969
7000 6000 2969
7000 7000 5919
7000 8000 5269
7000 9000 5369
7000 10000 369
7000 11000 6719
7000 12000 8319
7000 13000 9219
7000 14000 9119
7000 15000 669
7000 16000 569
7000 17000 3319
7000 18000 3519
7000 19000 1019
7000 20000 2569
7000 21000 3369
7000 22000 4969
7000 23000 1319
7000 24000 7569
7000 25000 7919
7000 26000 6069
7000 27000 7319
7000 28000 3769
7000 29000 769
7000 30000 969
8000 0 5969
8000 1000 5619
8000 2000 7519
8000 3000 7769
8000 4000 9319
8000 5000 4969
8000 6000 7219
8000 7000 5769
8000 8000 469
8000 9000 5569
8000 10000 6369
8000 11000 2969
8000 12000 2119
8000 13000 919
8000 14000 4769
8000 15000 7019
8000 16000 7169
8000 17000 7819
8000 18000 9619
8000 19000 4119
8000 20000 1169
8000 21000 9619
8000 22000 2869
8000 23000 5919
8000 24000 8569
8000 25000 3269
8000 26000 9369
8000 27000 1769
8000 28000 3619
8000 29000 8319
8000 30000 9469
9000 0 3169
9000 1000 7969
9000 2000 4969
9000 3000 7469
9000 4000 6719
9000 5000 1019
9000 6000 9869
9000 7000 1619
9000 8000 1719
9000 9000 9919
9000 10000 4669
9000 11000 4969
9000 12000 8269
9000 13000 2919
9000 14000 419
9000 15000 7119
9000 16000 4069
9000 17000 9519
9000 18000 9169
9000 19000 3969
9000 20000 4069
9000 21000 9569
9000 22000 1069
9000 23000 5119
9000 24000 9369
9000 25000 8769
9000 26000 5169
9000 27000 2919
9000 28000 6269
9000 29000 9969
9000 30000 669
10000 0 3019
10000 1000 869
10000 2000 5719
10000 3000 1169
10000 4000 4269
10000 5000 8669
10000 6000 9069
10000 7000 8669
10000 8000 5769
10000 9000 8819
10000 10000 1869
10000 11000 8169
10000 12000 1069
10000 13000 5769
10000 14000 3119
10000 15000 7969
10000 16000 4119
10000 17000 7869
10000 18000 5669
10000 19000 6619
10000 20000 2269
10000 21000 5719
10000 22000 169
10000 23000 3119
10000 24000 5519
10000 25000 9619
10000 26000 369
10000 27000 7219
10000 28000 4369
10000 29000 269
10000 30000 1219
11000 0 5619
11000 1000 4869
11000 2000 2519
11000 3000 4969
11000 4000 8569
11000 5000 4569
11000 6000 9519
11000 7000 1569
11000 8000 9019
11000 9000 3919
11000 10000 1669
11000 11000 9419
11000 12000 8119
11000 13000 6969
11000 14000 7369
11000 15000 3219
11000 16000 1269
11000 17000 6319
11000 18000 1469
11000 19000 4219
11000 20000 4669
11000 21000 8819
11000 22000 6419
11000 23000 7569
11000 24000 4169
11000 25000 69
11000 26000 7119
11000 27000 4719
11000 28000 2419
11000 29000 919
11000 30000 1669
12000 0 2019
12000 1000 3219
12000 2000 5969
12000 3000 1519
12000 4000 6519
12000 5000 3719
12000 6000 1019
12000 7000 1269
12000 8000 1519
12000 9000 1969
12000 10000 2269
12000 11000 1769
12000 12000 219
12000 13000 6219
12000 14000 8219
12000 15000 769
12000 16000 1619
12000 17000 5919
12000 18000 7869
12000 19000 5619
12000 20000 2869
12000 21000 2769
12000 22000 8369
12000 23000 2069
12000 24000 3069
12000 25000 9519
12000 26000 569
12000 27000 8419
12000 28000 4769
12000 29000 5169
12000 30000 4719
13000 0 5219
13000 1000 5519
13000 2000 1669
13000 3000 2969
13000 4000 9469
13000 5000 4169
13000 6000 4619
13000 7000 8919
13000 8000 6869
13000 9000 7519
13000 10000 3719
13000 11000 1919
13000 12000 5769
13000 13000 6719
13000 14000 119
13000 15000 6269
13000 16000 6519
13000 17000 6869
13000 18000 7969
13000 19000 4969
13000 20000 1319
13000 21000 3819
13000 22000 1769
13000 23000 619
13000 24000 1069
13000 25000 719
13000 26000 7619
13000 27000 3869
13000 28000 1819
13000 29000 1519
13000 30000 1569
14000 0 3369
14000 1000 2919
14000 2000 8719
14000 3000 6869
14000 4000 3419
14000 5000 869
14000 6000 2869
14000 7000 7069
14000 8000 6069
14000 9000 2919
14000 10000 4919
14000 11000 7119
14000 12000 7669
14000 13000 3569
14000 14000 369
14000 15000 5369
14000 16000 519
14000 17000 7419
14000 18000 1169
14000 19000 4419
14000 20000 8819
14000 21000 319
14000 22000 7869
14000 23000 9269
14000 24000 4719
14000 25000 6219
14000 26000 8519
14000 27000 7419
14000 28000 569
14000 29000 2469
14000 30000 6669
15000 0 5169
15000 1000 4119
15000 2000 4419
15000 3000 3119
15000 4000 3869
15000 5000 4319
15000 6000 5419
15000 7000 3219
15000 8000 1619
15000 9000 6669
15000 10000 5669
15000 11000 5719
15000 12000 4569
15000 13000 4069
15000 14000 2769
15000 15000 1119
15000 16000 8169
15000 17000 8069
15000 18000 4469
15000 19000 6919
15000 20000 7969
15000 21000 3269
15000 22000 2519
15000 23000 4319
15000 24000 6769
15000 25000 3169
15000 26000 7919
15000 27000 4169
15000 28000 4669
15000 29000 9019
15000 30000 5719
16000 0 9869
16000 1000 8469
16000 2000 9869
16000 3000 8019
16000 4000 1119
16000 5000 4269
16000 6000 5069
16000 7000 2819
16000 8000 3469
16000 9000 2219
16000 10000 3019
16000 11000 619
16000 12000 7519
16000 13000 5719
16000 14000 5769
16000 15000 7519
16000 16000 8619
16000 17000 8019
16000 18000 219
16000 19000 8119
16000 20000 8369
16000 21000 3669
16000 22000 6269
16000 23000 8969
16000 24000 969
16000 25000 7819
16000 26000 9619
16000 27000 5269
16000 28000 3619
16000 29000 6119
16000 30000 2619
17000 0 4069
17000 1000 6619
17000 2000 469
17000 3000 7319
17000 4000 7769
17000 5000 5069
17000 6000 9819
17000 7000 7819
17000 8000 9219
17000 9000 7719
17000 10000 1219
17000 11000 7169
17000 12000 8069
17000 13000 5419
17000 14000 9669
17000 15000 8719
17000 16000 4669
17000 17000 4919
17000 18000 4869
17000 19000 2569
17000 20000 8869
17000 21000 9469
17000 22000 1269
17000 23000 8119
17000 24000 7619
17000 25000 2319
17000 26000 1219
17000 27000 4619
17000 28000 5419
17000 29000 1119
17000 30000 3919
18000 0 9369
18000 1000 1269
18000 2000 219
18000 3000 3019
18000 4000 719
18000 5000 3669
18000 6000 1169
18000 7000 4619
18000 8000 9669
18000 9000 8819
18000 10000 7919
18000 11000 569
18000 12000 9269
18000 13000 7169
18000 14000 6219
18000 15000 4319
18000 16000 3669
18000 17000 1519
18000 18000 9469
18000 19000 3219
18000 20000 2419
18000 21000 8669
18000 22000 419
18000 23000 8519
18000 24000 4619
18000 25000 9469
18000 26000 7519
18000 27000 4419
18000 28000 7419
18000 29000 9169
18000 30000 3819
19000 0 6269
19000 1000 8069
19000 2000 7369
19000 3000 2969
19000 4000 5969
19000 5000 7569
19000 6000 2719
19000 7000 9319
19000 8000 469
19000 9000 3619
19000 10000 5119
19000 11000 3569
19000 12000 3169
19000 13000 8669
19000 14000 3969
19000 15000 8719
19000 16000 4869
19000 17000 5769
19000 18000 2569
19000 19000 9969
19000 20000 2019
19000 21000 2969
19000 22000 1619
19000 23000 9919
19000 24000 3569
19000 25000 2219
19000 26000 6069
19000 27000 1319
19000 28000 7319
19000 29000 1069
19000 30000 9719
20000 0 6719
20000 1000 3519
20000 2000 8369
20000 3000 6669
20000 4000 6069
20000 5000 4319
20000 6000 8819
20000 7000 6619
20000 8000 1219
20000 9000 2969
20000 10000 2819
20000 11000 6019
20000 12000 5719
20000 13000 469
20000 14000 6919
20000 15000 3319
20000 16000 3719
20000 17000 1169
20000 18000 4069
20000 19000 9769
20000 20000 6019
20000 21000 519
20000 22000 1569
20000 23000 2369
20000 24000 769
20000 25000 9019
20000 26000 9469
20000 27000 9369
20000 28000 9269
20000 29000 769
20000 30000 3269
21000 0 6069
21000 1000 5319
21000 2000 7669
21000 3000 569
21000 4000 2519
21000 5000 7669
21000 6000 6369
21000 7000 6419
21000 8000 3469
21000 9000 4369
21000 10000 9569
21000 11000 2219
21000 12000 6669
21000 13000 7969
21000 14000 2019
21000 15000 1319
21000 16000 469
21000 17000 3669
21000 18000 8369
21000 19000 5419
21000 20000 6269
21000 21000 3869
21000 22000 2969
21000 23000 2119
21000 24000 9769
21000 25000 5319
21000 26000 2769
21000 27000 9519
21000 28000 219
21000 29000 4069
21000 30000 7919
22000 0 3519
22000 1000 8119
22000 2000 7819
22000 3000 9519
22000 4000 3969
22000 5000 9819
22000 6000 6419
22000 7000 7169
22000 8000 3569
22000 9000 1069
22000 10000 219
22000 11000 119
22000 12000 1819
22000 13000 6369
22000 14000 5969
22000 15000 1969
22000 16000 9519
22000 17000 4219
22000 18000 5119
22000 19000 4969
22000 20000 5269
22000 21000 469
22000 22000 6069
22000 23000 4719
22000 24000 9219
22000 25000 4619
22000 26000 7319
22000 27000 6819
22000 28000 1619
22000 29000 9519
22000 30000 7069
23000 0 3069
23000 1000 1569
23000 2000 8069
23000 3000 9119
23000 4000 5419
23000 5000 6019
23000 6000 3719
23000 7000 3269
23000 8000 69
23000 9000 3519
23000 10000 5919
23000 11000 3919
23000 12000 8469
23000 13000 3169
23000 14000 3469
23000 15000 2969
23000 16000 5769
23000 17000 7519
23000 18000 4369
23000 19000 8169
23000 20000 6069
23000 21000 2969
23000 22000 3019
23000 23000 2869
23000 24000 219
23000 25000 8419
23000 26000 569
23000 27000 4869
23000 28000 5469
23000 29000 8469
23000 30000 7519
24000 0 7819
24000 1000 1669
24000 2000 4569
24000 3000 2769
24000 4000 9869
24000 5000 9219
24000 6000 4219
24000 7000 119
24000 8000 4869
24000 9000 2519
24000 10000 3669
24000 11000 4219
24000 12000 4519
24000 13000 6319
24000 14000 2219
24000 15000 4519
24000 16000 3319
24000 17000 619
24000 18000 169
24000 19000 2119
24000 20000 9119
24000 21000 6319
24000 22000 1069
24000 23000 769
24000 24000 3969
24000 25000 4819
24000 26000 7419
24000 27000 8269
24000 28000 2669
24000 29000 2719
24000 30000 8169
25000 0 5769
25000 1000 2119
25000 2000 869
25000 3000 619
25000 4000 2819
25000 5000 9269
25000 6000 2469
25000 7000 2219
25000 8000 719
25000 9000 3169
25000 10000 8019
25000 11000 9769
25000 12000 4969
25000 13000 4669
25000 14000 7169
25000 15000 2569
25000 16000 1719
25000 17000 2119
25000 18000 919
25000 19000 8819
25000 20000 9069
25000 21000 6719
25000 22000 319
25000 23000 3019
25000 24000 4869
25000 25000 2869
25000 26000 5969
25000 27000 4019
25000 28000 669
25000 29000 3019
25000 30000 4769
26000 0 119
26000 1000 5619
26000 2000 4469
26000 3000 5319
26000 4000 2119
26000 5000 2419
26000 6000 3869
26000 7000 6969
26000 8000 5019
26000 9000 2319
26000 10000 2169
26000 11000 9169
26000 12000 519
26000 13000 6219
26000 14000 7869
26000 15000 9119
26000 16000 3069
26000 17000 4019
26000 18000 7369
26000 19000 2119
26000 20000 669
26000 21000 3819
26000 22000 6569
26000 23000 119
26000 24000 6369
26000 25000 1119
26000 26000 8969
26000 27000 4919
26000 28000 69
26000 29000 6969
26000 30000 6169
27000 0 3169
27000 1000 8969
27000 2000 8319
27000 3000 6019
27000 4000 2619
27000 5000 7269
27000 6000 869
27000 7000 4269
27000 8000 6419
27000 9000 9619
27000 10000 8769
27000 11000 8419
27000 12000 1769
27000 13000 3269
27000 14000 2419
27000 15000 2269
27000 16000 5019
27000 17000 9469
27000 18000 5669
27000 19000 869
27000 20000 3619
27000 21000 2869
27000 22000 7919
27000 23000 8219
27000 24000 5019
27000 25000 1119
27000 26000 8969
27000 27000 4319
27000 28000 4619
27000 29000 3119
27000 30000 119
28000 0 5219
28000 1000 369
28000 2000 5769
28000 3000 4719
28000 4000 7969
28000 5000 2269
28000 6000 7419
28000 7000 1469
28000 8000 2069
28000 9000 8519
28000 10000 5569
28000 11000 6169
28000 12000 3119
28000 13000 7369
28000 14000 1669
28000 15000 1169
28000 16000 469
28000 17000 4369
28000 18000 5519
28000 19000 4969
28000 20000 5269
28000 21000 6819
28000 22000 6919
28000 23000 2819
28000 24000 4869
28000 25000 7419
28000 26000 219
28000 27000 4869
28000 28000 1119
28000 29000 4619
28000 30000 7869
29000 0 5519
29000 1000 2969
29000 2000 5119
29000 3000 469
29000 4000 6369
29000 5000 1219
29000 6000 8919
29000 7000 5319
29000 8000 7419
29000 9000 6569
29000 10000 8419
29000 11000 5219
29000 12000 6919
29000 13000 6669
29000 14000 1819
29000 15000 3419
29000 16000 8119
29000 17000 3019
29000 18000 5269
29000 19000 1969
29000 20000 4969
29000 21000 4119
29000 22000 819
29000 23000 3069
29000 24000 9519
29000 25000 9569
29000 26000 1119
29000 27000 1419
29000 28000 8619
29000 29000 2619
29000 30000 7719
30000 0 5219
30000 1000 6019
30000 2000 469
30000 3000 8719
30000 4000 3419
30000 5000 4669
30000 6000 6719
30000 7000 5969
30000 8000 5169
30000 9000 7669
30000 10000 9519
30000 11000 419
30000 12000 4769
30000 13000 2919
30000 14000 369
30000 15000 5919
30000 16000 1019
30000 17000 9469
30000 18000 9869
30000 19000 5769
30000 20000 6369
30000 21000 9419
30000 22000 5169
30000 23000 6069
30000 24000 869
30000 25000 5119
30000 26000 3269
30000 27000 9769
30000 28000 1569
30000 29000 8669
30000 30000 9119
31000 0 2019
31000 1000 1919
31000 2000 1569
31000 3000 5019
31000 4000 969
31000 5000 8869
31000 6000 3569
31000 7000 4019
31000 8000 5069
31000 9000 1369
31000 10000 5919
31000 11000 3969
31000 12000 5369
31000 13000 3369
31000 14000 8719
31000 15000 3569
31000 16000 219
31000 17000 8369
31000 18000 2819
31000 19000 7719
31000 20000 6169
31000 21000 8119
31000 22000 169
31000 23000 9869
31000 24000 2719
31000 25000 3369
31000 26000 469
31000 27000 5719
31000 28000 1669
31000 29000 5769
31000 30000 5619
