20 19 53
0 8
8 19
19 3
3 14
14 16
16 6
6 12
12 15
15 4
4 2
2 5
5 10
10 11
11 9
9 7
7 1
17 9
13 7
18 1
17 20 0 1 2 3 4 5 6 7 8 9 10 11 12 13 14 15 16 17 18 19
0 20 0 1 2 3 4 5 6 7 8 9 10 11 12 13 14 15 16 17 18 19
17 20 0 1 2 3 4 5 6 7 8 9 10 11 12 13 14 15 16 17 18 19
14 20 0 1 2 3 4 5 6 7 8 9 10 11 12 13 14 15 16 17 18 19
2 20 0 1 2 3 4 5 6 7 8 9 10 11 12 13 14 15 16 17 18 19
10 20 0 1 2 3 4 5 6 7 8 9 10 11 12 13 14 15 16 17 18 19
11 20 0 1 2 3 4 5 6 7 8 9 10 11 12 13 14 15 16 17 18 19
17 20 0 1 2 3 4 5 6 7 8 9 10 11 12 13 14 15 16 17 18 19
16 20 0 1 2 3 4 5 6 7 8 9 10 11 12 13 14 15 16 17 18 19
4 20 0 1 2 3 4 5 6 7 8 9 10 11 12 13 14 15 16 17 18 19
16 20 0 1 2 3 4 5 6 7 8 9 10 11 12 13 14 15 16 17 18 19
14 20 0 1 2 3 4 5 6 7 8 9 10 11 12 13 14 15 16 17 18 19
4 20 0 1 2 3 4 5 6 7 8 9 10 11 12 13 14 15 16 17 18 19
17 20 0 1 2 3 4 5 6 7 8 9 10 11 12 13 14 15 16 17 18 19
9 20 0 1 2 3 4 5 6 7 8 9 10 11 12 13 14 15 16 17 18 19
0 20 0 1 2 3 4 5 6 7 8 9 10 11 12 13 14 15 16 17 18 19
12 20 0 1 2 3 4 5 6 7 8 9 10 11 12 13 14 15 16 17 18 19
15 20 0 1 2 3 4 5 6 7 8 9 10 11 12 13 14 15 16 17 18 19
0 20 0 1 2 3 4 5 6 7 8 9 10 11 12 13 14 15 16 17 18 19
10 20 0 1 2 3 4 5 6 7 8 9 10 11 12 13 14 15 16 17 18 19
5 20 0 1 2 3 4 5 6 7 8 9 10 11 12 13 14 15 16 17 18 19
9 20 0 1 2 3 4 5 6 7 8 9 10 11 12 13 14 15 16 17 18 19
6 20 0 1 2 3 4 5 6 7 8 9 10 11 12 13 14 15 16 17 18 19
13 20 0 1 2 3 4 5 6 7 8 9 10 11 12 13 14 15 16 17 18 19
11 20 0 1 2 3 4 5 6 7 8 9 10 11 12 13 14 15 16 17 18 19
2 20 0 1 2 3 4 5 6 7 8 9 10 11 12 13 14 15 16 17 18 19
5 20 0 1 2 3 4 5 6 7 8 9 10 11 12 13 14 15 16 17 18 19
2 20 0 1 2 3 4 5 6 7 8 9 10 11 12 13 14 15 16 17 18 19
17 20 0 1 2 3 4 5 6 7 8 9 10 11 12 13 14 15 16 17 18 19
1 20 0 1 2 3 4 5 6 7 8 9 10 11 12 13 14 15 16 17 18 19
15 20 0 1 2 3 4 5 6 7 8 9 10 11 12 13 14 15 16 17 18 19
14 20 0 1 2 3 4 5 6 7 8 9 10 11 12 13 14 15 16 17 18 19
15 20 0 1 2 3 4 5 6 7 8 9 10 11 12 13 14 15 16 17 18 19
10 9 0 3 5 6 7 9 11 13 14
9 6 0 3 5 11 13 18
0 4 6 14 15 16
18 10 0 3 5 6 11 13 14 15 16 18
9 10 0 3 5 7 9 11 13 15 16 18
18 3 7 9 18
16 9 1 2 4 8 10 12 17 18 19
2 1 6
14 8 0 3 5 6 11 13 15 16
10 13 1 2 4 6 8 10 12 14 15 16 17 18 19
12 7 0 3 5 11 13 14 18
14 14 1 2 4 6 7 8 9 10 12 14 15 16 17 19
4 9 1 2 4 8 10 12 14 17 19
8 3 6 7 9
0 4 6 7 9 18
16 3 7 9 14
18 10 1 2 4 8 10 12 14 17 18 19
18 8 1 2 4 8 10 12 17 19
12 12 1 2 4 6 7 8 9 10 12 17 18 19
4 5 7 9 15 16 18
