20 19 78
0 15
15 3
3 1
16 15
14 3
10 1
5 16
17 14
18 10
19 5
12 17
13 18
4 19
9 12
8 13
6 4
7 9
11 4
2 6
4 14 2 3 4 5 6 8 10 11 12 13 14 15 17 19
12 18 0 2 3 4 5 6 7 8 10 11 12 13 14 15 16 17 18 19
2 13 0 1 5 6 7 9 11 13 14 16 17 18 19
15 3 7 16 18
14 10 5 6 7 11 13 14 16 17 18 19
12 6 0 1 7 9 16 18
13 3 7 16 18
19 11 0 2 3 4 7 8 10 12 15 16 18
10 9 1 2 3 4 8 9 10 12 15
3 10 2 3 4 5 6 8 10 12 15 17
12 14 0 1 2 3 4 8 9 10 11 12 13 14 15 19
9 6 5 6 7 16 17 18
17 9 1 2 3 4 8 9 10 12 15
2 10 0 1 2 3 4 8 9 10 12 15
9 13 0 1 2 3 4 7 8 9 10 12 15 16 18
11 4 0 7 16 18
2 6 0 1 5 6 9 17
3 6 0 1 7 9 16 18
1 7 7 11 13 14 16 18 19
10 17 2 3 4 5 6 7 8 10 11 12 13 14 15 16 17 18 19
19 10 0 1 7 9 11 13 14 16 18 19
18 6 0 1 7 9 16 18
7 6 1 9 11 13 14 19
13 7 2 3 4 8 10 12 15
4 9 1 5 6 9 11 13 14 17 19
16 3 7 16 18
11 17 2 3 4 5 6 7 8 10 11 12 13 14 15 16 17 18 19
14 9 1 5 6 9 11 13 14 17 19
19 13 0 1 5 6 7 9 11 13 14 16 17 18 19
7 9 1 2 3 4 8 9 10 12 15
14 10 2 3 4 5 6 8 10 12 15 17
4 17 0 1 2 3 4 5 6 8 9 10 11 12 13 14 15 17 19
0 13 0 1 2 3 4 5 6 8 9 10 12 15 17
1 8 0 7 11 13 14 16 18 19
13 10 0 1 2 3 4 8 9 10 12 15
18 15 0 2 3 4 5 6 8 10 11 12 13 14 15 17 19
15 2 1 9
11 5 1 7 9 16 18
8 12 1 2 3 4 7 8 9 10 12 15 16 18
14 13 0 1 2 3 4 7 8 9 10 12 15 16 18
7 10 0 1 2 3 4 8 9 10 12 15
2 4 0 7 16 18
7 7 0 1 9 11 13 14 19
18 14 2 3 4 7 8 10 11 12 13 14 15 16 18 19
19 9 1 2 3 4 8 9 10 12 15
17 9 1 2 3 4 8 9 10 12 15
3 6 5 6 7 16 17 18
14 17 2 3 4 5 6 7 8 10 11 12 13 14 15 16 17 18 19
7 16 1 2 3 4 5 6 8 9 10 11 12 13 14 15 17 19
8 20 0 1 2 3 4 5 6 7 8 9 10 11 12 13 14 15 16 17 18 19
4 4 0 7 16 18
17 4 11 13 14 19
9 16 1 2 3 4 5 6 8 9 10 11 12 13 14 15 17 19
11 13 0 1 2 3 4 5 6 8 9 10 12 15 17
0 8 1 5 6 7 9 16 17 18
0 14 0 2 3 4 5 6 7 8 10 12 15 16 17 18
3 10 0 1 7 9 11 13 14 16 18 19
2 11 0 5 6 7 11 13 14 16 17 18 19
1 12 0 4 6 7 8 10 11 13 14 16 18 19
18 12 0 2 3 4 5 6 7 8 10 16 17 18
7 7 0 1 4 6 10 12 15
17 5 11 13 14 17 19
12 12 1 2 3 4 5 7 8 9 12 15 16 18
3 3 5 6 17
8 12 0 1 2 3 5 7 8 9 12 15 16 18
5 8 1 5 6 7 12 15 16 18
8 8 6 7 8 9 10 16 17 18
16 12 4 6 7 8 10 11 13 14 16 17 18 19
3 9 2 3 5 6 11 13 14 17 19
12 13 2 3 4 5 7 8 9 10 12 15 16 17 18
14 10 4 6 8 11 12 13 14 15 17 19
12 13 0 1 6 7 8 11 12 13 14 15 16 18 19
13 5 6 9 12 15 17
13 9 0 4 9 10 11 13 14 17 19
1 9 0 5 7 8 12 15 16 17 18
5 13 0 2 3 4 5 6 8 9 11 13 14 17 19
2 10 0 1 2 3 4 5 6 8 10 17
6 6 1 5 6 9 10 17
