20 19 46
0 8
8 4
4 11
11 2
2 1
16 11
19 11
6 1
3 16
18 1
13 6
12 3
10 18
5 6
17 13
14 10
7 5
15 17
9 14
15 20 0 1 2 3 4 5 6 7 8 9 10 11 12 13 14 15 16 17 18 19
19 20 0 1 2 3 4 5 6 7 8 9 10 11 12 13 14 15 16 17 18 19
9 20 0 1 2 3 4 5 6 7 8 9 10 11 12 13 14 15 16 17 18 19
11 20 0 1 2 3 4 5 6 7 8 9 10 11 12 13 14 15 16 17 18 19
9 20 0 1 2 3 4 5 6 7 8 9 10 11 12 13 14 15 16 17 18 19
4 20 0 1 2 3 4 5 6 7 8 9 10 11 12 13 14 15 16 17 18 19
3 20 0 1 2 3 4 5 6 7 8 9 10 11 12 13 14 15 16 17 18 19
1 20 0 1 2 3 4 5 6 7 8 9 10 11 12 13 14 15 16 17 18 19
17 20 0 1 2 3 4 5 6 7 8 9 10 11 12 13 14 15 16 17 18 19
18 20 0 1 2 3 4 5 6 7 8 9 10 11 12 13 14 15 16 17 18 19
9 20 0 1 2 3 4 5 6 7 8 9 10 11 12 13 14 15 16 17 18 19
6 20 0 1 2 3 4 5 6 7 8 9 10 11 12 13 14 15 16 17 18 19
12 20 0 1 2 3 4 5 6 7 8 9 10 11 12 13 14 15 16 17 18 19
10 20 0 1 2 3 4 5 6 7 8 9 10 11 12 13 14 15 16 17 18 19
13 20 0 1 2 3 4 5 6 7 8 9 10 11 12 13 14 15 16 17 18 19
2 20 0 1 2 3 4 5 6 7 8 9 10 11 12 13 14 15 16 17 18 19
18 20 0 1 2 3 4 5 6 7 8 9 10 11 12 13 14 15 16 17 18 19
1 20 0 1 2 3 4 5 6 7 8 9 10 11 12 13 14 15 16 17 18 19
2 20 0 1 2 3 4 5 6 7 8 9 10 11 12 13 14 15 16 17 18 19
2 20 0 1 2 3 4 5 6 7 8 9 10 11 12 13 14 15 16 17 18 19
6 20 0 1 2 3 4 5 6 7 8 9 10 11 12 13 14 15 16 17 18 19
10 20 0 1 2 3 4 5 6 7 8 9 10 11 12 13 14 15 16 17 18 19
17 20 0 1 2 3 4 5 6 7 8 9 10 11 12 13 14 15 16 17 18 19
5 20 0 1 2 3 4 5 6 7 8 9 10 11 12 13 14 15 16 17 18 19
8 20 0 1 2 3 4 5 6 7 8 9 10 11 12 13 14 15 16 17 18 19
4 20 0 1 2 3 4 5 6 7 8 9 10 11 12 13 14 15 16 17 18 19
16 9 1 3 4 5 7 9 12 14 15
4 5 0 3 5 9 12
5 7 0 9 10 12 13 16 19
15 9 5 6 10 11 13 14 15 16 19
0 10 0 2 3 5 8 10 16 17 18 19
17 9 0 1 4 7 10 14 15 16 19
2 11 0 1 3 4 7 9 10 12 13 16 19
4 5 0 9 12 14 15
9 11 2 5 6 8 9 11 12 14 15 17 18
7 9 0 1 4 5 6 7 11 14 15
3 12 3 5 6 9 10 11 12 13 14 15 16 19
6 6 3 6 10 11 16 19
13 9 1 4 6 7 9 11 12 14 15
14 8 3 6 9 11 12 13 14 15
12 13 0 2 6 8 10 11 13 14 15 16 17 18 19
14 11 2 3 5 8 9 10 12 16 17 18 19
6 7 5 10 13 14 15 16 19
17 12 0 1 2 4 5 7 8 9 12 13 17 18
11 15 0 1 2 4 6 7 8 9 11 12 13 14 15 17 18
1 10 0 2 5 6 8 9 11 12 17 18
