20 19 36
0 12
12 2
2 14
14 15
15 1
7 14
8 15
3 1
18 7
11 8
5 3
10 18
4 11
19 5
13 10
6 4
17 19
9 19
16 13
1 5 1 8 12 15 17
12 15 0 2 3 4 5 6 7 9 10 11 13 14 16 18 19
6 20 0 1 2 3 4 5 6 7 8 9 10 11 12 13 14 15 16 17 18 19
11 20 0 1 2 3 4 5 6 7 8 9 10 11 12 13 14 15 16 17 18 19
3 20 0 1 2 3 4 5 6 7 8 9 10 11 12 13 14 15 16 17 18 19
19 20 0 1 2 3 4 5 6 7 8 9 10 11 12 13 14 15 16 17 18 19
5 20 0 1 2 3 4 5 6 7 8 9 10 11 12 13 14 15 16 17 18 19
19 20 0 1 2 3 4 5 6 7 8 9 10 11 12 13 14 15 16 17 18 19
3 20 0 1 2 3 4 5 6 7 8 9 10 11 12 13 14 15 16 17 18 19
15 15 0 2 3 4 5 6 7 9 10 11 13 14 16 18 19
14 5 1 8 12 15 17
13 15 0 2 3 4 5 6 7 9 10 11 13 14 16 18 19
13 20 0 1 2 3 4 5 6 7 8 9 10 11 12 13 14 15 16 17 18 19
19 20 0 1 2 3 4 5 6 7 8 9 10 11 12 13 14 15 16 17 18 19
1 20 0 1 2 3 4 5 6 7 8 9 10 11 12 13 14 15 16 17 18 19
17 5 1 8 12 15 17
11 12 0 1 4 6 7 8 10 11 12 13 17 19
14 11 1 4 5 6 7 11 13 14 16 17 18
13 9 0 2 6 8 11 13 15 17 19
6 13 0 1 2 3 4 5 7 8 10 15 16 18 19
15 10 0 5 9 10 11 13 14 16 17 19
1 9 3 4 7 8 9 10 11 14 19
0 13 0 1 3 4 6 7 8 10 13 15 16 17 19
14 12 0 2 3 6 7 8 10 12 13 14 15 17
9 11 0 4 5 6 8 9 10 12 14 15 18
0 11 0 2 3 4 5 6 8 9 10 11 17
14 8 2 3 4 7 8 10 11 16
7 12 0 1 3 4 5 7 11 12 14 15 16 18
19 9 0 3 4 5 8 9 12 15 18
0 12 0 1 5 6 8 10 11 12 13 14 16 18
3 7 0 4 7 11 12 14 17
17 7 0 1 5 7 10 12 17
18 12 1 2 3 4 5 6 10 11 13 16 18 19
19 12 0 1 3 4 5 6 7 9 10 12 16 18
7 9 0 2 3 4 5 6 7 12 15
13 13 1 2 5 7 8 9 11 12 13 14 15 17 19
