20 20 35
0 5
5 13
13 15
15 7
7 18
18 19
19 14
14 10
10 11
11 8
8 4
4 3
3 1
6 8
17 8
2 1
12 6
9 1
9 8
16 2
18 20 0 1 2 3 4 5 6 7 8 9 10 11 12 13 14 15 16 17 18 19
10 20 0 1 2 3 4 5 6 7 8 9 10 11 12 13 14 15 16 17 18 19
1 20 0 1 2 3 4 5 6 7 8 9 10 11 12 13 14 15 16 17 18 19
13 20 0 1 2 3 4 5 6 7 8 9 10 11 12 13 14 15 16 17 18 19
1 20 0 1 2 3 4 5 6 7 8 9 10 11 12 13 14 15 16 17 18 19
14 20 0 1 2 3 4 5 6 7 8 9 10 11 12 13 14 15 16 17 18 19
12 20 0 1 2 3 4 5 6 7 8 9 10 11 12 13 14 15 16 17 18 19
10 20 0 1 2 3 4 5 6 7 8 9 10 11 12 13 14 15 16 17 18 19
3 20 0 1 2 3 4 5 6 7 8 9 10 11 12 13 14 15 16 17 18 19
6 20 0 1 2 3 4 5 6 7 8 9 10 11 12 13 14 15 16 17 18 19
8 20 0 1 2 3 4 5 6 7 8 9 10 11 12 13 14 15 16 17 18 19
8 20 0 1 2 3 4 5 6 7 8 9 10 11 12 13 14 15 16 17 18 19
2 20 0 1 2 3 4 5 6 7 8 9 10 11 12 13 14 15 16 17 18 19
17 20 0 1 2 3 4 5 6 7 8 9 10 11 12 13 14 15 16 17 18 19
5 20 0 1 2 3 4 5 6 7 8 9 10 11 12 13 14 15 16 17 18 19
1 12 0 3 4 5 8 9 11 12 14 16 18 19
2 11 0 1 6 7 8 10 12 14 15 17 19
18 10 0 3 5 7 8 13 14 15 17 19
3 16 0 1 2 3 4 5 6 8 9 11 12 13 16 17 18 19
5 5 0 8 12 13 19
3 15 0 2 4 5 7 8 9 11 12 13 15 16 17 18 19
7 5 3 11 13 14 17
16 5 1 2 5 6 14
9 7 1 2 4 9 16 18 19
16 7 0 2 3 8 10 12 14
10 9 0 1 3 5 6 8 13 17 19
11 5 1 2 12 14 17
1 8 1 2 4 6 9 16 18 19
11 12 0 1 2 4 7 8 9 11 15 16 17 18
11 12 1 2 4 5 9 11 12 13 14 16 18 19
11 15 0 1 2 5 6 7 8 10 11 12 13 14 15 17 19
15 11 0 2 4 5 8 9 10 12 16 18 19
9 12 0 3 4 5 7 8 9 11 15 16 17 18
2 15 0 2 3 4 5 7 8 9 10 12 13 14 15 16 18
15 11 4 5 7 9 10 12 13 14 15 16 18
