20 26 20
0 6
6 19
19 18
18 1
12 19
12 0
17 18
17 19
16 19
15 12
15 1
13 17
13 1
4 18
4 0
14 16
14 17
11 16
7 13
5 14
10 11
3 12
3 1
2 13
9 11
8 3
5 2 3 8
6 12 0 5 6 7 8 9 10 11 12 17 18 19
7 8 4 8 11 13 14 15 16 17
4 11 0 1 2 4 7 10 13 14 15 16 17
0 6 0 1 2 3 7 11
14 5 0 3 6 7 12
11 9 3 5 6 9 10 11 12 17 19
17 8 1 2 3 5 9 13 16 19
19 7 4 5 9 10 14 15 19
6 12 0 5 6 7 9 11 12 13 16 17 18 19
16 13 0 1 2 4 7 10 11 13 14 15 16 17 18
16 9 4 6 8 10 11 12 14 17 18
14 7 3 4 13 14 15 16 17
19 6 3 11 13 16 17 18
2 7 1 2 5 9 17 18 19
15 9 0 5 6 7 9 10 11 12 19
5 15 0 1 2 4 5 6 7 9 11 12 13 14 15 16 19
3 3 3 8 11
5 12 0 4 5 6 7 8 9 11 12 14 18 19
0 14 1 2 3 4 5 8 9 11 13 14 16 17 18 19
