20 20 90
0 19
19 6
6 11
11 14
14 16
16 3
3 8
8 9
9 7
7 13
13 5
5 18
18 10
10 2
2 4
4 12
12 17
17 1
15 12
15 4
6 14 0 1 2 3 4 5 6 7 8 11 12 14 17 18
5 6 1 3 6 7 14 17
8 14 0 1 2 3 4 5 6 7 8 11 12 14 17 18
11 6 1 3 6 7 14 17
6 6 1 3 6 7 14 17
6 6 9 10 13 15 16 19
11 14 0 1 2 3 4 5 6 7 8 11 12 14 17 18
2 14 0 2 4 5 8 9 10 11 12 13 15 16 18 19
18 6 1 3 6 7 14 17
17 20 0 1 2 3 4 5 6 7 8 9 10 11 12 13 14 15 16 17 18 19
2 14 0 1 2 3 4 5 6 7 8 11 12 14 17 18
10 12 1 3 6 7 9 10 13 14 15 16 17 19
16 6 9 10 13 15 16 19
19 12 1 3 6 7 9 10 13 14 15 16 17 19
4 14 0 2 4 5 8 9 10 11 12 13 15 16 18 19
2 14 0 1 2 3 4 5 6 7 8 11 12 14 17 18
15 14 0 2 4 5 8 9 10 11 12 13 15 16 18 19
1 14 0 1 2 3 4 5 6 7 8 11 12 14 17 18
12 14 0 1 2 3 4 5 6 7 8 11 12 14 17 18
11 6 1 3 6 7 14 17
7 20 0 1 2 3 4 5 6 7 8 9 10 11 12 13 14 15 16 17 18 19
8 14 0 2 4 5 8 9 10 11 12 13 15 16 18 19
10 20 0 1 2 3 4 5 6 7 8 9 10 11 12 13 14 15 16 17 18 19
15 6 9 10 13 15 16 19
2 20 0 1 2 3 4 5 6 7 8 9 10 11 12 13 14 15 16 17 18 19
11 6 9 10 13 15 16 19
6 6 9 10 13 15 16 19
8 6 9 10 13 15 16 19
5 20 0 1 2 3 4 5 6 7 8 9 10 11 12 13 14 15 16 17 18 19
18 6 9 10 13 15 16 19
3 14 0 1 2 3 4 5 6 7 8 11 12 14 17 18
15 6 1 3 6 7 14 17
14 14 0 2 4 5 8 9 10 11 12 13 15 16 18 19
5 14 0 2 4 5 8 9 10 11 12 13 15 16 18 19
12 6 9 10 13 15 16 19
7 20 0 1 2 3 4 5 6 7 8 9 10 11 12 13 14 15 16 17 18 19
11 6 1 3 6 7 14 17
0 20 0 1 2 3 4 5 6 7 8 9 10 11 12 13 14 15 16 17 18 19
3 8 0 2 4 5 8 11 12 18
6 20 0 1 2 3 4 5 6 7 8 9 10 11 12 13 14 15 16 17 18 19
0 6 9 10 13 15 16 19
19 8 0 2 4 5 8 11 12 18
19 14 0 1 2 3 4 5 6 7 8 11 12 14 17 18
12 8 0 2 4 5 8 11 12 18
14 14 0 1 2 3 4 5 6 7 8 11 12 14 17 18
15 6 1 3 6 7 14 17
18 14 0 1 2 3 4 5 6 7 8 11 12 14 17 18
18 6 9 10 13 15 16 19
17 6 9 10 13 15 16 19
9 14 0 1 2 3 4 5 6 7 8 11 12 14 17 18
16 12 1 3 6 7 9 10 13 14 15 16 17 19
6 6 1 3 6 7 14 17
13 6 1 3 6 7 14 17
14 6 1 3 6 7 14 17
5 14 0 2 4 5 8 9 10 11 12 13 15 16 18 19
10 20 0 1 2 3 4 5 6 7 8 9 10 11 12 13 14 15 16 17 18 19
8 12 1 3 6 7 9 10 13 14 15 16 17 19
6 20 0 1 2 3 4 5 6 7 8 9 10 11 12 13 14 15 16 17 18 19
5 12 1 3 6 7 9 10 13 14 15 16 17 19
6 8 0 2 4 5 8 11 12 18
1 6 9 10 13 15 16 19
1 12 1 3 6 7 9 10 13 14 15 16 17 19
2 14 0 1 2 3 4 5 6 7 8 11 12 14 17 18
10 8 0 2 4 5 8 11 12 18
13 6 9 10 13 15 16 19
15 14 0 2 4 5 8 9 10 11 12 13 15 16 18 19
6 6 9 10 13 15 16 19
3 14 0 1 2 3 4 5 6 7 8 11 12 14 17 18
1 14 0 2 4 5 8 9 10 11 12 13 15 16 18 19
19 8 0 2 4 5 8 11 12 18
2 11 1 3 4 6 7 9 10 11 13 14 17
19 9 0 2 8 9 11 13 15 17 19
15 9 0 5 9 11 12 16 17 18 19
17 8 0 1 3 5 8 9 10 17
14 14 0 1 3 4 6 7 8 9 11 12 13 14 18 19
1 13 1 2 3 6 9 10 12 13 14 15 16 17 18
18 12 1 3 5 7 8 9 10 11 12 13 15 18
16 7 5 6 8 9 10 14 17
1 7 2 5 10 11 13 17 19
13 6 2 4 7 8 15 19
5 8 0 4 5 6 9 10 11 14
11 16 0 1 3 4 5 6 7 8 9 11 12 14 16 17 18 19
0 11 0 1 2 3 6 7 10 12 14 16 18
3 7 4 7 8 9 16 17 19
9 10 0 4 7 8 9 10 11 15 16 19
11 12 1 2 3 5 6 8 10 12 13 14 15 18
3 6 2 4 7 11 15 17
1 9 1 3 4 8 9 10 11 16 19
2 10 1 2 3 5 6 13 14 16 17 19
5 12 0 1 3 5 6 9 12 14 16 17 18 19
