20 35 48
0 1
8 0
10 0
18 1
18 0
13 1
12 8
12 0
2 10
2 1
2 0
9 0
7 13
14 2
3 9
3 2
3 12
4 9
4 2
11 14
11 7
17 9
17 2
16 4
16 14
16 10
6 11
6 14
6 12
5 4
5 8
15 17
15 14
19 16
19 14
5 13 0 2 3 4 6 7 8 9 10 11 12 16 18
9 13 0 2 3 4 6 7 8 9 10 11 12 16 18
4 7 1 5 13 14 15 17 19
17 7 1 5 13 14 15 17 19
0 13 0 2 3 4 6 7 8 9 10 11 12 16 18
2 20 0 1 2 3 4 5 6 7 8 9 10 11 12 13 14 15 16 17 18 19
3 20 0 1 2 3 4 5 6 7 8 9 10 11 12 13 14 15 16 17 18 19
4 7 1 5 13 14 15 17 19
13 7 1 5 13 14 15 17 19
2 20 0 1 2 3 4 5 6 7 8 9 10 11 12 13 14 15 16 17 18 19
5 7 1 5 13 14 15 17 19
8 7 1 5 13 14 15 17 19
6 7 1 5 13 14 15 17 19
10 20 0 1 2 3 4 5 6 7 8 9 10 11 12 13 14 15 16 17 18 19
0 7 1 5 13 14 15 17 19
18 13 0 2 3 4 6 7 8 9 10 11 12 16 18
19 13 0 2 3 4 6 7 8 9 10 11 12 16 18
2 13 0 2 3 4 6 7 8 9 10 11 12 16 18
12 20 0 1 2 3 4 5 6 7 8 9 10 11 12 13 14 15 16 17 18 19
5 20 0 1 2 3 4 5 6 7 8 9 10 11 12 13 14 15 16 17 18 19
2 13 0 2 3 4 6 7 8 9 10 11 12 16 18
14 20 0 1 2 3 4 5 6 7 8 9 10 11 12 13 14 15 16 17 18 19
14 13 0 2 3 4 6 7 8 9 10 11 12 16 18
2 13 0 2 3 4 6 7 8 9 10 11 12 16 18
7 7 1 5 13 14 15 17 19
9 20 0 1 2 3 4 5 6 7 8 9 10 11 12 13 14 15 16 17 18 19
16 7 1 5 13 14 15 17 19
18 13 0 2 3 4 6 7 8 9 10 11 12 16 18
19 7 2 4 6 8 11 12 18
19 3 3 9 13
11 14 0 2 4 6 7 8 10 11 12 13 14 16 18 19
8 15 0 2 3 4 6 7 8 9 10 11 12 13 16 17 18
2 20 0 1 2 3 4 5 6 7 8 9 10 11 12 13 14 15 16 17 18 19
1 4 13 14 17 19
3 15 1 2 3 4 5 6 8 9 11 12 14 15 17 18 19
14 7 1 3 5 9 14 15 19
6 10 0 1 5 7 10 13 14 15 16 19
7 13 1 2 4 5 6 8 11 12 13 14 15 18 19
19 9 1 3 5 9 13 14 15 17 19
11 4 13 14 17 19
0 8 0 7 10 13 14 16 17 19
8 9 1 3 5 9 13 14 15 17 19
17 16 0 2 3 4 6 7 8 9 10 11 12 14 16 17 18 19
9 13 1 2 3 4 5 6 8 9 11 12 15 17 18
8 12 0 2 4 6 7 8 10 11 12 16 17 18
1 4 1 5 15 17
5 10 0 1 3 5 7 9 10 13 15 16
2 17 0 1 2 4 5 6 7 8 10 11 12 13 14 15 16 18 19
