20 29 49
0 14
14 19
19 5
5 15
15 13
13 9
9 12
12 8
8 1
10 13
10 15
10 19
17 9
6 8
6 14
6 0
18 10
18 13
18 14
3 8
3 13
16 6
16 10
4 18
2 10
2 5
11 16
11 18
7 18
3 20 0 1 2 3 4 5 6 7 8 9 10 11 12 13 14 15 16 17 18 19
19 3 3 11 12
15 3 3 11 12
0 3 3 11 12
10 20 0 1 2 3 4 5 6 7 8 9 10 11 12 13 14 15 16 17 18 19
17 3 3 11 12
16 20 0 1 2 3 4 5 6 7 8 9 10 11 12 13 14 15 16 17 18 19
3 20 0 1 2 3 4 5 6 7 8 9 10 11 12 13 14 15 16 17 18 19
17 17 0 1 2 4 5 6 7 8 9 10 13 14 15 16 17 18 19
1 17 0 1 2 4 5 6 7 8 9 10 13 14 15 16 17 18 19
14 17 0 1 2 4 5 6 7 8 9 10 13 14 15 16 17 18 19
16 17 0 1 2 4 5 6 7 8 9 10 13 14 15 16 17 18 19
0 3 3 11 12
9 3 3 11 12
1 3 3 11 12
9 3 3 11 12
15 17 0 1 2 4 5 6 7 8 9 10 13 14 15 16 17 18 19
10 17 0 1 2 4 5 6 7 8 9 10 13 14 15 16 17 18 19
3 3 3 11 12
3 3 3 11 12
2 17 0 1 2 4 5 6 7 8 9 10 13 14 15 16 17 18 19
7 3 3 11 12
16 3 3 11 12
1 20 0 1 2 3 4 5 6 7 8 9 10 11 12 13 14 15 16 17 18 19
5 17 0 1 2 4 5 6 7 8 9 10 13 14 15 16 17 18 19
17 17 0 1 2 4 5 6 7 8 9 10 13 14 15 16 17 18 19
5 17 0 1 2 4 5 6 7 8 9 10 13 14 15 16 17 18 19
15 3 3 11 12
11 17 0 1 2 4 5 6 7 8 9 10 13 14 15 16 17 18 19
8 9 3 6 7 8 9 10 13 17 18
7 13 0 1 2 6 7 8 9 10 13 16 17 18 19
15 15 0 2 4 5 6 7 8 9 10 13 14 15 16 17 18
11 16 1 3 4 5 6 7 8 9 10 11 12 14 15 17 18 19
17 8 1 3 4 5 13 14 15 19
0 6 2 3 11 12 13 16
13 18 0 2 3 4 5 6 7 8 9 10 11 12 13 14 15 16 17 18
10 14 0 4 5 6 7 8 9 10 11 12 14 15 17 18
12 14 0 1 4 5 6 7 8 9 10 14 15 17 18 19
12 15 1 2 4 5 6 7 8 9 10 14 15 16 17 18 19
3 10 1 3 6 7 8 9 10 17 18 19
14 11 1 2 6 7 8 9 10 16 17 18 19
7 17 0 2 3 4 5 6 7 8 9 10 11 12 14 15 16 17 18
18 9 1 4 5 11 12 13 14 15 19
7 8 0 1 3 4 5 14 15 19
12 8 0 2 4 5 13 14 15 16
2 13 3 4 5 6 7 8 9 10 13 14 15 17 18
18 5 3 4 5 14 15
9 11 2 3 6 7 8 9 10 13 16 17 18
15 3 3 11 12
