20 30 44
0 10
10 13
13 9
9 2
2 12
12 16
16 3
3 17
17 4
4 8
8 11
11 18
18 1
19 16
19 13
19 0
15 2
15 10
15 0
5 4
5 12
5 0
14 17
14 3
14 0
6 2
6 0
7 11
7 16
7 9
3 20 0 1 2 3 4 5 6 7 8 9 10 11 12 13 14 15 16 17 18 19
7 20 0 1 2 3 4 5 6 7 8 9 10 11 12 13 14 15 16 17 18 19
13 20 0 1 2 3 4 5 6 7 8 9 10 11 12 13 14 15 16 17 18 19
11 20 0 1 2 3 4 5 6 7 8 9 10 11 12 13 14 15 16 17 18 19
13 20 0 1 2 3 4 5 6 7 8 9 10 11 12 13 14 15 16 17 18 19
0 20 0 1 2 3 4 5 6 7 8 9 10 11 12 13 14 15 16 17 18 19
19 20 0 1 2 3 4 5 6 7 8 9 10 11 12 13 14 15 16 17 18 19
17 20 0 1 2 3 4 5 6 7 8 9 10 11 12 13 14 15 16 17 18 19
12 20 0 1 2 3 4 5 6 7 8 9 10 11 12 13 14 15 16 17 18 19
18 20 0 1 2 3 4 5 6 7 8 9 10 11 12 13 14 15 16 17 18 19
12 20 0 1 2 3 4 5 6 7 8 9 10 11 12 13 14 15 16 17 18 19
9 20 0 1 2 3 4 5 6 7 8 9 10 11 12 13 14 15 16 17 18 19
8 20 0 1 2 3 4 5 6 7 8 9 10 11 12 13 14 15 16 17 18 19
3 20 0 1 2 3 4 5 6 7 8 9 10 11 12 13 14 15 16 17 18 19
2 20 0 1 2 3 4 5 6 7 8 9 10 11 12 13 14 15 16 17 18 19
1 20 0 1 2 3 4 5 6 7 8 9 10 11 12 13 14 15 16 17 18 19
11 20 0 1 2 3 4 5 6 7 8 9 10 11 12 13 14 15 16 17 18 19
2 20 0 1 2 3 4 5 6 7 8 9 10 11 12 13 14 15 16 17 18 19
8 20 0 1 2 3 4 5 6 7 8 9 10 11 12 13 14 15 16 17 18 19
10 20 0 1 2 3 4 5 6 7 8 9 10 11 12 13 14 15 16 17 18 19
0 20 0 1 2 3 4 5 6 7 8 9 10 11 12 13 14 15 16 17 18 19
6 20 0 1 2 3 4 5 6 7 8 9 10 11 12 13 14 15 16 17 18 19
6 20 0 1 2 3 4 5 6 7 8 9 10 11 12 13 14 15 16 17 18 19
7 20 0 1 2 3 4 5 6 7 8 9 10 11 12 13 14 15 16 17 18 19
6 6 0 2 8 9 11 14
17 13 0 3 4 5 6 7 8 9 10 13 14 15 18
0 11 0 1 2 8 9 11 12 14 16 17 19
2 5 0 2 8 11 14
3 10 3 4 5 6 7 9 10 13 15 18
0 3 2 9 11
17 12 0 3 4 5 6 7 8 10 13 14 15 18
1 5 0 2 8 11 14
1 16 1 2 3 4 5 6 7 10 11 12 13 15 16 17 18 19
9 10 0 1 2 8 11 12 14 16 17 19
3 19 0 1 2 3 4 5 6 7 8 10 11 12 13 14 15 16 17 18 19
17 14 0 2 3 4 5 6 7 8 10 11 13 14 15 18
19 14 1 3 4 5 6 7 10 12 13 15 16 17 18 19
2 3 2 9 11
9 5 0 2 8 11 14
8 9 3 4 5 6 7 10 13 15 18
17 8 0 1 8 12 14 16 17 19
6 15 1 3 4 5 6 7 9 10 12 13 15 16 17 18 19
2 14 0 2 3 4 5 6 7 8 10 11 13 14 15 18
17 17 1 2 3 4 5 6 7 9 10 11 12 13 15 16 17 18 19
