20 34 52
0 9
9 4
4 14
14 17
17 16
16 1
8 4
7 14
19 16
19 17
19 0
5 8
5 17
5 4
10 7
10 8
10 14
10 0
13 9
15 1
11 19
11 1
11 16
11 0
6 13
6 5
6 17
6 9
18 17
12 10
2 6
3 6
3 1
3 0
13 11 1 2 3 5 6 10 11 13 14 16 17
12 20 0 1 2 3 4 5 6 7 8 9 10 11 12 13 14 15 16 17 18 19
5 19 0 1 2 3 4 5 6 7 8 9 10 11 12 14 15 16 17 18 19
0 20 0 1 2 3 4 5 6 7 8 9 10 11 12 13 14 15 16 17 18 19
3 9 0 4 7 8 9 12 15 18 19
8 10 0 4 7 8 9 12 13 15 18 19
9 1 13
8 10 1 2 3 5 6 10 11 14 16 17
15 11 1 2 3 5 6 10 11 13 14 16 17
8 9 0 4 7 8 9 12 15 18 19
4 10 1 2 3 5 6 10 11 14 16 17
4 10 0 4 7 8 9 12 13 15 18 19
1 9 0 4 7 8 9 12 15 18 19
19 10 1 2 3 5 6 10 11 14 16 17
0 20 0 1 2 3 4 5 6 7 8 9 10 11 12 13 14 15 16 17 18 19
18 1 13
4 20 0 1 2 3 4 5 6 7 8 9 10 11 12 13 14 15 16 17 18 19
17 10 0 4 7 8 9 12 13 15 18 19
11 20 0 1 2 3 4 5 6 7 8 9 10 11 12 13 14 15 16 17 18 19
18 10 1 2 3 5 6 10 11 14 16 17
19 11 1 2 3 5 6 10 11 13 14 16 17
15 1 13
10 10 1 2 3 5 6 10 11 14 16 17
9 20 0 1 2 3 4 5 6 7 8 9 10 11 12 13 14 15 16 17 18 19
2 20 0 1 2 3 4 5 6 7 8 9 10 11 12 13 14 15 16 17 18 19
18 19 0 1 2 3 4 5 6 7 8 9 10 11 12 14 15 16 17 18 19
1 10 1 2 3 5 6 10 11 14 16 17
10 11 1 2 3 5 6 10 11 13 14 16 17
8 1 13
17 19 0 1 2 3 4 5 6 7 8 9 10 11 12 14 15 16 17 18 19
11 11 1 2 3 5 6 10 11 13 14 16 17
7 11 1 2 3 5 6 10 11 13 14 16 17
15 11 0 3 7 8 9 12 15 16 17 18 19
16 5 6 9 11 15 18
1 11 6 8 9 10 11 13 14 15 16 18 19
19 10 0 1 3 5 7 8 12 13 14 19
12 8 3 7 9 12 13 14 15 18
14 10 0 1 2 3 4 5 6 8 11 19
6 11 1 2 5 6 9 10 11 15 16 17 18
10 9 0 1 5 6 10 11 13 14 16
9 13 0 3 6 8 9 11 13 14 15 16 17 18 19
16 4 2 3 4 16
10 9 1 3 5 6 7 11 12 14 16
19 14 0 1 5 6 7 9 10 11 12 13 14 15 17 18
15 7 0 2 3 6 10 11 17
17 8 0 4 8 13 14 16 17 19
7 14 0 1 3 5 6 7 8 10 11 12 14 16 17 19
15 12 4 6 7 8 9 11 12 13 15 16 18 19
3 10 0 2 4 6 7 11 12 14 16 17
16 10 1 5 6 9 10 11 13 14 15 18
10 7 3 4 8 13 14 16 19
13 10 0 3 7 9 10 12 15 16 17 18
