20 31 47
0 17
17 7
7 3
3 13
13 9
9 1
12 7
12 0
16 0
8 1
2 7
2 0
4 13
4 0
11 12
11 9
11 0
15 16
15 17
6 16
6 0
18 12
18 0
5 15
5 11
10 6
19 8
19 0
14 15
14 7
14 0
4 20 0 1 2 3 4 5 6 7 8 9 10 11 12 13 14 15 16 17 18 19
7 20 0 1 2 3 4 5 6 7 8 9 10 11 12 13 14 15 16 17 18 19
10 20 0 1 2 3 4 5 6 7 8 9 10 11 12 13 14 15 16 17 18 19
2 20 0 1 2 3 4 5 6 7 8 9 10 11 12 13 14 15 16 17 18 19
6 20 0 1 2 3 4 5 6 7 8 9 10 11 12 13 14 15 16 17 18 19
10 20 0 1 2 3 4 5 6 7 8 9 10 11 12 13 14 15 16 17 18 19
17 20 0 1 2 3 4 5 6 7 8 9 10 11 12 13 14 15 16 17 18 19
7 20 0 1 2 3 4 5 6 7 8 9 10 11 12 13 14 15 16 17 18 19
9 20 0 1 2 3 4 5 6 7 8 9 10 11 12 13 14 15 16 17 18 19
1 20 0 1 2 3 4 5 6 7 8 9 10 11 12 13 14 15 16 17 18 19
2 20 0 1 2 3 4 5 6 7 8 9 10 11 12 13 14 15 16 17 18 19
0 20 0 1 2 3 4 5 6 7 8 9 10 11 12 13 14 15 16 17 18 19
13 20 0 1 2 3 4 5 6 7 8 9 10 11 12 13 14 15 16 17 18 19
4 20 0 1 2 3 4 5 6 7 8 9 10 11 12 13 14 15 16 17 18 19
3 20 0 1 2 3 4 5 6 7 8 9 10 11 12 13 14 15 16 17 18 19
12 20 0 1 2 3 4 5 6 7 8 9 10 11 12 13 14 15 16 17 18 19
13 20 0 1 2 3 4 5 6 7 8 9 10 11 12 13 14 15 16 17 18 19
2 20 0 1 2 3 4 5 6 7 8 9 10 11 12 13 14 15 16 17 18 19
2 20 0 1 2 3 4 5 6 7 8 9 10 11 12 13 14 15 16 17 18 19
5 20 0 1 2 3 4 5 6 7 8 9 10 11 12 13 14 15 16 17 18 19
3 20 0 1 2 3 4 5 6 7 8 9 10 11 12 13 14 15 16 17 18 19
12 20 0 1 2 3 4 5 6 7 8 9 10 11 12 13 14 15 16 17 18 19
19 20 0 1 2 3 4 5 6 7 8 9 10 11 12 13 14 15 16 17 18 19
0 20 0 1 2 3 4 5 6 7 8 9 10 11 12 13 14 15 16 17 18 19
1 20 0 1 2 3 4 5 6 7 8 9 10 11 12 13 14 15 16 17 18 19
12 20 0 1 2 3 4 5 6 7 8 9 10 11 12 13 14 15 16 17 18 19
13 20 0 1 2 3 4 5 6 7 8 9 10 11 12 13 14 15 16 17 18 19
2 10 0 3 5 8 9 14 15 16 17 18
13 8 1 4 5 11 12 13 14 19
12 9 0 3 8 9 13 15 16 17 18
10 12 0 1 3 4 8 9 11 12 15 16 17 18
3 7 2 5 6 7 10 13 14
14 3 5 14 19
3 14 0 1 3 4 5 8 9 11 12 14 15 16 17 18
2 17 0 1 2 3 4 6 7 8 9 10 11 12 15 16 17 18 19
5 20 0 1 2 3 4 5 6 7 8 9 10 11 12 13 14 15 16 17 18 19
6 6 1 4 5 11 12 14
6 10 1 2 4 5 6 7 10 11 12 14
7 3 5 13 14
9 15 0 1 3 4 5 8 9 11 12 13 14 15 16 17 18
14 7 1 4 5 11 12 13 14
4 5 2 6 7 10 13
1 2 13 19
16 12 0 3 5 8 9 13 14 15 16 17 18 19
12 13 0 1 3 4 8 9 11 12 13 15 16 17 18
4 4 1 4 11 12
8 7 2 5 6 7 10 14 19
