20 27 19
0 13
13 16
16 2
2 18
18 6
6 12
12 4
4 15
15 7
7 3
3 14
14 19
19 10
10 1
17 19
17 0
5 10
5 19
5 15
5 13
5 0
11 15
9 10
9 2
9 0
8 7
8 0
12 18 0 1 2 3 4 7 8 9 10 11 12 13 14 15 16 17 18 19
17 17 1 2 3 4 5 7 8 9 11 12 13 14 15 16 17 18 19
0 9 2 4 5 7 12 14 16 17 19
2 11 2 4 5 7 11 12 13 14 16 17 19
7 3 11 12 13
0 9 2 4 7 11 13 14 16 17 19
17 1 5
14 11 2 4 5 6 7 11 13 14 16 17 19
19 9 0 1 3 6 8 9 10 15 18
14 14 1 2 3 4 7 8 9 12 14 15 16 17 18 19
11 12 0 1 3 6 8 9 10 11 12 13 15 18
1 11 0 2 4 5 6 7 10 14 16 17 19
13 17 1 2 3 4 6 7 8 9 11 12 13 14 15 16 17 18 19
3 17 0 1 2 3 4 6 7 8 9 10 12 14 15 16 17 18 19
10 20 0 1 2 3 4 5 6 7 8 9 10 11 12 13 14 15 16 17 18 19
6 1 12
17 5 0 6 10 11 13
1 12 0 1 3 6 8 9 10 11 12 13 15 18
7 16 0 1 2 3 4 7 8 9 10 12 14 15 16 17 18 19
