20 21 88
0 17
17 6
6 7
7 4
4 13
13 12
12 10
10 2
2 5
5 9
9 8
8 3
3 15
15 18
18 16
16 19
19 11
11 1
14 9
14 6
14 0
18 12 1 4 5 6 7 8 9 11 13 14 16 17
10 12 1 4 5 6 7 8 9 11 13 14 16 17
1 20 0 1 2 3 4 5 6 7 8 9 10 11 12 13 14 15 16 17 18 19
5 12 1 4 5 6 7 8 9 11 13 14 16 17
12 12 1 4 5 6 7 8 9 11 13 14 16 17
10 8 0 2 3 10 12 15 18 19
10 8 0 2 3 10 12 15 18 19
5 20 0 1 2 3 4 5 6 7 8 9 10 11 12 13 14 15 16 17 18 19
16 20 0 1 2 3 4 5 6 7 8 9 10 11 12 13 14 15 16 17 18 19
16 20 0 1 2 3 4 5 6 7 8 9 10 11 12 13 14 15 16 17 18 19
7 8 0 2 3 10 12 15 18 19
15 20 0 1 2 3 4 5 6 7 8 9 10 11 12 13 14 15 16 17 18 19
8 20 0 1 2 3 4 5 6 7 8 9 10 11 12 13 14 15 16 17 18 19
14 20 0 1 2 3 4 5 6 7 8 9 10 11 12 13 14 15 16 17 18 19
4 8 0 2 3 10 12 15 18 19
6 20 0 1 2 3 4 5 6 7 8 9 10 11 12 13 14 15 16 17 18 19
3 12 1 4 5 6 7 8 9 11 13 14 16 17
19 8 0 2 3 10 12 15 18 19
0 12 1 4 5 6 7 8 9 11 13 14 16 17
1 8 0 2 3 10 12 15 18 19
0 8 0 2 3 10 12 15 18 19
14 20 0 1 2 3 4 5 6 7 8 9 10 11 12 13 14 15 16 17 18 19
4 12 1 4 5 6 7 8 9 11 13 14 16 17
13 12 1 4 5 6 7 8 9 11 13 14 16 17
7 8 0 2 3 10 12 15 18 19
7 12 1 4 5 6 7 8 9 11 13 14 16 17
6 8 0 2 3 10 12 15 18 19
5 20 0 1 2 3 4 5 6 7 8 9 10 11 12 13 14 15 16 17 18 19
9 8 0 2 3 10 12 15 18 19
6 8 0 2 3 10 12 15 18 19
8 8 0 2 3 10 12 15 18 19
19 12 1 4 5 6 7 8 9 11 13 14 16 17
18 20 0 1 2 3 4 5 6 7 8 9 10 11 12 13 14 15 16 17 18 19
7 8 0 2 3 10 12 15 18 19
12 20 0 1 2 3 4 5 6 7 8 9 10 11 12 13 14 15 16 17 18 19
11 20 0 1 2 3 4 5 6 7 8 9 10 11 12 13 14 15 16 17 18 19
1 20 0 1 2 3 4 5 6 7 8 9 10 11 12 13 14 15 16 17 18 19
3 12 1 4 5 6 7 8 9 11 13 14 16 17
6 8 0 2 3 10 12 15 18 19
0 8 0 2 3 10 12 15 18 19
15 20 0 1 2 3 4 5 6 7 8 9 10 11 12 13 14 15 16 17 18 19
5 12 1 4 5 6 7 8 9 11 13 14 16 17
16 20 0 1 2 3 4 5 6 7 8 9 10 11 12 13 14 15 16 17 18 19
6 12 1 4 5 6 7 8 9 11 13 14 16 17
13 12 1 4 5 6 7 8 9 11 13 14 16 17
10 20 0 1 2 3 4 5 6 7 8 9 10 11 12 13 14 15 16 17 18 19
12 12 1 4 5 6 7 8 9 11 13 14 16 17
1 8 0 2 3 10 12 15 18 19
10 8 0 2 3 10 12 15 18 19
9 12 1 4 5 6 7 8 9 11 13 14 16 17
14 12 1 4 5 6 7 8 9 11 13 14 16 17
13 20 0 1 2 3 4 5 6 7 8 9 10 11 12 13 14 15 16 17 18 19
1 12 1 4 5 6 7 8 9 11 13 14 16 17
1 12 1 4 5 6 7 8 9 11 13 14 16 17
11 12 1 4 5 6 7 8 9 11 13 14 16 17
8 12 1 4 5 6 7 8 9 11 13 14 16 17
5 12 1 4 5 6 7 8 9 11 13 14 16 17
4 12 1 4 5 6 7 8 9 11 13 14 16 17
3 8 0 2 3 10 12 15 18 19
1 20 0 1 2 3 4 5 6 7 8 9 10 11 12 13 14 15 16 17 18 19
15 20 0 1 2 3 4 5 6 7 8 9 10 11 12 13 14 15 16 17 18 19
16 20 0 1 2 3 4 5 6 7 8 9 10 11 12 13 14 15 16 17 18 19
13 20 0 1 2 3 4 5 6 7 8 9 10 11 12 13 14 15 16 17 18 19
13 8 0 2 3 10 12 15 18 19
10 12 1 4 5 6 7 8 9 11 13 14 16 17
4 12 1 4 5 6 7 8 9 11 13 14 16 17
4 12 1 4 5 6 7 8 9 11 13 14 16 17
19 20 0 1 2 3 4 5 6 7 8 9 10 11 12 13 14 15 16 17 18 19
12 7 4 5 7 9 14 16 17
14 14 3 4 5 7 8 9 10 11 12 14 15 16 17 19
3 9 4 5 7 8 9 11 14 16 17
8 7 1 4 5 6 13 16 17
1 9 0 2 3 10 12 13 15 18 19
15 14 1 3 4 5 7 8 10 11 12 13 15 16 17 19
14 9 1 3 6 9 10 12 14 15 19
2 9 0 1 2 6 7 8 11 13 18
3 6 1 3 10 12 15 19
12 6 4 5 6 13 16 17
10 9 4 5 6 7 9 13 14 16 17
0 4 1 7 8 11
15 6 1 6 7 9 13 14
1 19 0 2 3 4 5 6 7 8 9 10 11 12 13 14 15 16 17 18 19
6 9 0 1 2 6 7 9 13 14 18
2 8 0 2 6 8 9 11 14 18
9 9 0 1 2 4 5 7 16 17 18
0 15 0 2 3 4 5 7 9 10 12 14 15 16 17 18 19
0 15 0 1 2 3 4 5 6 10 12 13 15 16 17 18 19
11 12 3 6 7 8 9 10 11 12 13 14 15 19
