20 19 76
0 19
19 13
13 7
7 8
8 10
10 17
17 5
5 9
9 12
12 6
6 3
3 14
14 16
16 18
18 11
11 2
2 15
15 1
4 0
9 8 1 5 6 12 13 16 18 19
10 20 0 1 2 3 4 5 6 7 8 9 10 11 12 13 14 15 16 17 18 19
2 12 0 2 3 4 7 8 9 10 11 14 15 17
5 20 0 1 2 3 4 5 6 7 8 9 10 11 12 13 14 15 16 17 18 19
12 8 1 5 6 12 13 16 18 19
10 2 18 19
18 6 1 5 6 12 13 16
19 8 1 5 6 12 13 16 18 19
4 12 0 2 3 4 7 8 9 10 11 14 15 17
16 12 0 2 3 4 7 8 9 10 11 14 15 17
10 14 0 2 3 4 7 8 9 10 11 14 15 17 18 19
16 12 0 2 3 4 7 8 9 10 11 14 15 17
1 2 18 19
1 8 1 5 6 12 13 16 18 19
18 8 1 5 6 12 13 16 18 19
5 18 0 1 2 3 4 5 6 7 8 9 10 11 12 13 14 15 16 17
3 8 1 5 6 12 13 16 18 19
12 2 18 19
8 14 0 2 3 4 7 8 9 10 11 14 15 17 18 19
10 6 1 5 6 12 13 16
12 2 18 19
12 2 18 19
9 18 0 1 2 3 4 5 6 7 8 9 10 11 12 13 14 15 16 17
10 2 18 19
12 20 0 1 2 3 4 5 6 7 8 9 10 11 12 13 14 15 16 17 18 19
10 6 1 5 6 12 13 16
10 20 0 1 2 3 4 5 6 7 8 9 10 11 12 13 14 15 16 17 18 19
10 12 0 2 3 4 7 8 9 10 11 14 15 17
8 12 0 2 3 4 7 8 9 10 11 14 15 17
12 14 0 2 3 4 7 8 9 10 11 14 15 17 18 19
7 14 0 2 3 4 7 8 9 10 11 14 15 17 18 19
14 8 1 5 6 12 13 16 18 19
4 2 18 19
0 12 0 2 3 4 7 8 9 10 11 14 15 17
3 18 0 1 2 3 4 5 6 7 8 9 10 11 12 13 14 15 16 17
16 18 0 1 2 3 4 5 6 7 8 9 10 11 12 13 14 15 16 17
6 18 0 1 2 3 4 5 6 7 8 9 10 11 12 13 14 15 16 17
6 14 0 2 3 4 7 8 9 10 11 14 15 17 18 19
10 20 0 1 2 3 4 5 6 7 8 9 10 11 12 13 14 15 16 17 18 19
0 18 0 1 2 3 4 5 6 7 8 9 10 11 12 13 14 15 16 17
7 6 1 5 6 12 13 16
8 12 0 2 3 4 7 8 9 10 11 14 15 17
11 20 0 1 2 3 4 5 6 7 8 9 10 11 12 13 14 15 16 17 18 19
0 14 0 2 3 4 7 8 9 10 11 14 15 17 18 19
8 20 0 1 2 3 4 5 6 7 8 9 10 11 12 13 14 15 16 17 18 19
15 6 1 5 6 12 13 16
8 8 1 5 6 12 13 16 18 19
4 12 0 2 3 4 7 8 9 10 11 14 15 17
3 18 0 1 2 3 4 5 6 7 8 9 10 11 12 13 14 15 16 17
17 12 0 2 3 4 7 8 9 10 11 14 15 17
6 8 1 5 6 12 13 16 18 19
18 18 0 1 2 3 4 5 6 7 8 9 10 11 12 13 14 15 16 17
2 20 0 1 2 3 4 5 6 7 8 9 10 11 12 13 14 15 16 17 18 19
14 14 0 2 3 4 7 8 9 10 11 14 15 17 18 19
12 8 1 5 6 12 13 16 18 19
7 12 0 2 3 4 7 8 9 10 11 14 15 17
15 10 1 5 7 8 9 10 12 13 14 17
18 10 1 3 5 9 11 12 13 16 18 19
13 10 0 2 3 4 6 9 11 15 18 19
5 10 2 4 6 7 8 9 10 14 15 17
0 12 1 3 5 7 8 10 11 12 13 14 16 17
4 4 0 9 18 19
5 10 0 1 5 6 9 12 13 16 18 19
15 7 7 8 9 10 14 16 17
9 10 1 2 3 4 5 11 12 13 15 16
12 6 3 6 11 16 18 19
10 4 2 4 15 16
19 10 1 2 4 5 12 13 15 16 18 19
8 9 2 3 4 6 11 15 16 18 19
13 18 1 2 3 4 5 6 7 8 10 11 12 13 14 15 16 17 18 19
4 5 2 4 15 18 19
5 11 0 2 4 6 7 8 9 10 14 15 17
15 5 1 5 6 12 13
5 12 1 5 7 8 9 10 12 13 14 17 18 19
19 10 1 3 5 6 9 11 12 13 18 19
8 11 2 4 7 8 10 14 15 16 17 18 19
