20 19 100
13 12
13 9
13 11
8 13
13 14
13 19
5 13
1 13
13 16
17 13
13 15
2 13
13 18
0 13
13 6
10 13
13 3
13 7
13 4
10 18 10 8 5 3 11 18 16 19 0 14 7 9 13 4 6 17 1 15
9 18 11 16 15 7 8 6 10 5 18 1 4 17 2 9 3 14 12 19
5 3 4 15 16
10 18 11 13 7 1 0 4 19 8 9 10 15 17 16 14 3 12 6 5
12 18 5 10 12 17 0 9 6 11 3 8 13 16 19 4 14 18 2 7
5 18 19 12 2 16 6 11 4 18 9 17 5 13 0 7 1 10 14 3
9 18 6 11 2 16 18 4 14 10 19 7 17 12 9 13 5 8 3 15
15 18 1 18 11 7 10 5 12 15 16 2 9 3 17 0 6 14 4 8
12 9 1 3 4 7 9 11 12 15 18
5 18 14 0 11 17 18 1 4 5 6 9 7 2 15 16 19 3 10 13
9 18 19 10 4 12 3 5 18 11 15 1 16 8 14 6 2 17 13 9
1 7 0 1 7 8 16 17 18
10 18 2 5 18 0 6 11 15 1 10 13 16 4 12 7 19 3 9 14
15 4 8 10 12 14
14 18 17 12 13 18 3 6 15 4 5 16 0 19 11 2 9 10 7 14
15 18 5 7 2 9 16 11 17 1 10 6 13 8 12 3 18 19 0 15
7 1 3
8 8 0 2 3 8 11 13 14 19
14 18 0 9 17 13 12 8 10 7 2 6 16 15 1 4 19 18 5 3
1 18 8 9 3 10 5 16 14 11 12 1 17 15 2 18 13 19 0 6
18 18 17 19 11 7 16 14 13 8 9 3 4 1 10 5 2 18 12 6
6 8 3 5 6 7 11 12 13 15
3 5 0 6 11 16 17
18 18 6 12 16 1 9 8 10 18 13 17 14 11 7 19 2 5 3 4
1 18 5 4 11 10 3 1 18 12 15 6 8 2 9 19 16 13 0 17
14 18 14 12 18 10 3 15 7 2 11 19 17 1 5 9 6 4 16 0
11 8 0 1 3 7 9 10 12 18
6 18 14 9 3 4 7 6 15 2 16 17 11 10 18 5 8 0 13 12
5 18 6 0 15 9 19 2 8 18 13 14 4 3 10 5 16 7 12 11
10 18 6 15 8 14 5 16 13 19 3 4 18 17 12 9 0 1 2 11
7 18 0 17 15 11 12 2 4 10 8 1 7 13 19 9 18 16 14 3
5 18 4 2 19 5 0 11 18 17 8 16 14 7 15 6 9 10 3 13
12 18 15 9 2 3 17 11 0 7 4 8 5 18 13 19 10 16 6 14
14 5 4 6 13 17 18
16 6 0 2 10 12 14 19
11 18 13 18 6 12 9 7 5 8 2 1 14 4 3 15 10 19 16 11
11 18 4 3 9 17 1 14 12 5 15 16 19 6 10 11 13 7 0 8
1 18 1 14 18 9 16 8 4 19 13 7 10 15 5 6 3 12 2 0
11 18 6 7 5 19 1 13 12 14 16 15 3 10 2 9 0 18 8 11
10 9 1 2 5 6 12 13 15 17 18
0 7 0 2 4 8 15 17 19
19 7 0 9 10 12 13 14 17
18 18 5 18 17 1 10 19 11 8 13 16 6 7 0 12 4 15 14 3
14 18 15 10 13 2 17 19 11 6 1 7 14 9 16 8 12 5 3 18
15 18 14 13 9 10 6 5 19 2 12 16 4 11 1 0 18 15 3 8
7 18 12 4 15 2 5 8 18 9 17 11 13 16 0 6 3 19 7 1
15 18 1 16 15 10 8 6 7 18 12 4 17 5 2 3 0 9 11 13
2 4 11 12 18 19
2 18 13 7 17 19 15 12 4 3 8 14 16 2 10 1 18 9 11 0
18 9 0 1 2 5 9 10 14 18 19
7 18 10 6 4 8 7 1 13 18 19 11 3 9 17 14 0 12 16 15
12 18 4 2 15 6 12 8 11 10 13 9 16 5 0 17 19 1 7 18
15 18 6 14 17 19 12 0 3 15 5 13 9 10 11 4 18 8 16 2
2 18 14 11 7 9 17 8 16 2 12 19 10 0 3 4 13 18 5 1
14 18 14 10 8 19 5 16 0 12 11 1 9 4 18 17 7 6 2 3
15 18 4 6 19 15 11 1 16 5 9 13 0 14 10 7 3 12 18 2
18 18 8 9 17 11 19 6 2 4 18 14 7 1 12 10 13 3 0 5
0 18 9 16 11 7 8 12 6 17 15 14 3 19 4 1 10 0 2 5
9 18 1 16 2 7 10 11 13 5 8 19 4 0 3 17 12 14 15 18
2 18 12 19 4 11 7 6 3 9 1 17 2 14 13 10 0 16 18 5
15 18 14 10 0 5 1 19 13 17 11 12 4 6 8 7 3 2 16 15
12 18 11 15 16 1 3 0 12 7 10 2 14 13 8 19 6 9 18 4
7 18 6 13 18 14 0 1 8 11 12 17 4 15 5 19 2 3 9 10
1 18 3 13 11 12 5 1 0 4 16 2 14 9 19 7 10 18 8 17
14 18 6 17 16 14 4 9 7 1 3 5 10 12 13 8 11 18 2 15
4 11 1 5 7 8 9 11 12 14 16 18 19
11 18 11 4 12 9 10 0 5 16 1 8 14 18 7 2 13 15 19 17
7 18 4 19 15 0 8 18 11 9 3 6 10 2 17 1 13 12 14 16
9 18 11 2 5 8 1 3 16 15 6 13 4 9 14 0 18 10 17 12
17 5 0 4 5 17 18
6 18 3 9 2 8 14 5 10 13 18 17 1 11 4 15 19 0 6 16
4 18 6 3 0 12 8 11 19 10 13 1 5 15 17 9 14 2 16 4
11 18 18 12 5 7 9 10 1 3 8 13 14 4 16 19 17 11 15 2
17 18 10 15 13 1 9 12 7 4 0 17 3 5 18 14 2 11 19 16
5 18 18 9 2 14 7 13 6 1 8 19 3 10 0 11 5 4 17 16
10 18 12 1 0 14 15 10 16 5 13 2 7 17 4 11 3 19 6 18
7 18 3 6 18 14 7 9 16 19 13 10 17 4 1 5 15 12 11 2
15 18 18 10 17 9 2 3 15 8 11 16 0 6 1 7 4 14 5 19
12 18 1 18 19 8 16 14 7 5 12 6 9 2 0 11 15 3 10 4
1 18 9 7 12 8 14 1 15 18 0 3 6 4 2 19 10 17 16 11
17 18 17 0 10 1 15 4 13 7 5 19 8 14 16 18 6 2 12 11
16 18 18 7 12 11 8 9 4 2 6 5 19 17 0 14 1 3 15 10
14 18 6 0 9 13 2 11 19 17 7 8 18 16 3 15 12 5 4 10
11 18 15 13 7 1 2 3 11 5 10 14 17 16 9 12 18 4 0 8
16 18 0 6 13 2 18 16 11 10 9 1 4 3 5 12 14 15 7 17
5 18 14 12 16 19 5 8 1 4 11 7 3 15 10 2 6 9 18 17
9 9 2 3 6 8 9 13 14 16 18
10 18 1 14 3 17 13 4 2 11 0 9 19 10 15 8 16 12 18 7
5 18 3 13 7 18 14 16 10 0 1 2 19 5 4 15 11 17 8 9
18 18 17 1 12 9 15 5 14 2 18 16 4 13 8 10 0 3 7 6
7 18 18 9 15 14 4 11 5 12 6 19 2 10 17 16 8 0 13 1
10 18 2 16 15 4 12 18 17 1 5 10 19 14 9 0 6 7 11 8
14 18 15 8 16 9 10 17 12 18 1 0 4 2 13 19 3 11 14 6
10 18 16 0 18 10 9 15 19 5 7 12 6 2 11 3 4 14 1 17
17 18 13 3 7 5 9 15 16 18 10 2 12 4 1 8 14 6 17 11
9 18 0 10 19 9 4 14 17 18 8 11 16 13 12 1 6 2 3 7
7 18 7 19 10 16 3 17 11 8 14 12 0 15 4 9 6 5 1 13
9 18 16 14 6 1 15 2 13 11 8 10 9 7 18 5 0 12 19 4
17 18 3 11 18 8 1 5 4 16 10 19 6 2 7 14 17 12 15 0
14 18 11 16 1 8 0 3 12 19 5 15 10 18 7 14 9 4 17 2
