20 19 100
9 19
17 16
0 1
5 13
19 3
4 6
4 8
17 14
2 12
2 16
7 5
6 3
9 13
10 15
12 18
11 8
10 18
0 7
11 15
14 2 7 0
14 3 16 18 9
14 10 13 7 15 8 1 0 10 3 12 5
14 4 9 14 13 19
14 3 2 14 18
14 8 16 0 12 9 15 1 11 19
14 6 19 8 6 13 7 14
14 16 4 15 10 5 11 9 2 1 13 18 0 3 17 8 12 6
14 6 5 16 17 11 1 14
14 16 18 19 15 2 13 3 9 10 17 7 4 5 16 12 6 14
14 18 1 9 5 15 17 14 4 0 18 8 7 13 16 2 12 6 11 19
14 5 5 15 6 9 16
14 10 6 12 0 1 18 19 16 11 5 17
14 20 4 13 2 11 17 18 3 8 14 19 9 1 16 15 10 12 6 7 0 5
14 3 4 12 0
14 14 16 18 7 2 1 5 10 15 3 9 12 6 8 0
14 20 2 10 0 11 7 18 8 1 4 15 13 17 9 5 3 12 6 14 19 16
14 2 11 19
14 13 15 13 19 11 4 7 14 9 3 0 8 12 16
14 3 9 11 19
14 20 19 17 2 14 9 5 15 13 11 8 0 12 18 10 6 3 7 1 4 16
14 15 1 10 11 4 16 7 2 18 6 15 17 14 5 0 12
14 15 16 1 18 7 19 9 4 14 8 17 15 6 10 11 3
14 16 14 3 2 13 4 16 10 0 9 17 12 6 15 11 19 1
14 10 11 6 4 1 9 10 3 18 0 15
14 5 9 7 2 15 13
14 12 18 14 7 5 6 10 3 1 4 16 9 12
14 17 19 18 1 7 4 12 15 16 0 2 5 10 13 3 6 8 9
14 4 18 14 4 0
14 9 4 6 15 14 17 0 9 11 8
14 3 10 4 8
14 2 19 13
14 2 18 17
14 11 14 7 17 1 16 2 11 0 6 4 9
14 5 5 19 14 11 16
14 7 5 1 3 13 9 2 14
14 10 8 10 17 3 4 16 1 2 19 9
14 14 0 15 5 1 3 17 7 8 18 10 19 11 12 14
14 5 9 15 2 0 13
14 20 2 15 6 10 16 8 3 18 0 11 9 13 1 17 4 7 12 5 14 19
14 17 7 0 12 2 3 16 15 11 18 6 14 9 13 19 17 1 5
14 4 17 9 11 13
14 16 19 14 6 9 7 13 15 5 2 3 11 8 17 0 12 16
14 16 19 18 1 11 4 12 14 0 16 2 8 7 10 5 6 13
14 12 16 13 19 0 11 14 7 18 2 10 8 4
14 7 9 1 4 3 8 0 12
14 5 2 13 16 14 5
14 1 11
14 19 15 16 19 18 5 14 17 1 3 12 10 8 6 7 11 0 13 2 9
14 16 4 11 3 5 18 1 10 12 15 19 9 8 0 13 16 6
14 5 11 17 2 12 3
14 20 3 16 1 12 10 13 6 19 2 0 11 15 8 9 4 5 18 17 7 14
14 3 9 16 11
14 14 3 1 15 5 16 14 18 2 4 8 17 10 0 11
14 13 9 0 16 2 14 17 1 15 12 7 10 6 11
14 6 4 0 10 14 2 5
14 9 5 12 10 3 0 2 4 1 17
14 7 7 9 11 1 8 2 12
14 8 8 5 19 3 4 0 10 17
14 2 6 10
14 20 11 10 15 13 6 8 12 17 18 5 0 14 19 3 7 4 2 1 9 16
14 4 19 18 14 2
14 9 19 8 17 10 13 3 12 11 0
14 8 7 6 4 19 13 11 8 18
14 9 8 2 10 12 15 13 7 1 3
14 11 6 7 19 8 9 0 3 1 18 11 14
14 18 6 4 13 15 14 0 11 3 12 5 19 16 9 8 10 2 17 7
14 9 12 3 18 14 11 15 19 10 6
14 4 6 9 2 14
14 18 0 3 14 17 18 6 12 9 15 13 5 10 19 7 2 8 16 4
14 12 6 3 16 12 11 4 5 2 19 10 8 13
14 14 5 7 0 13 12 17 15 8 18 14 2 11 9 6
14 13 8 7 6 4 18 10 11 5 1 12 17 15 2
14 13 12 5 1 17 15 9 19 3 8 14 2 16 6
14 18 16 15 10 11 17 18 9 12 3 4 19 0 5 14 1 13 8 7
14 16 18 12 9 14 13 15 2 1 19 16 8 6 11 4 10 0
14 8 14 5 19 18 4 15 11 6
14 18 11 17 1 15 8 13 5 3 0 9 18 10 12 7 14 2 16 4
14 16 9 11 3 10 0 4 16 2 19 5 7 15 14 18 12 6
14 8 0 3 6 19 5 12 2 8
14 13 4 13 6 2 17 8 16 10 3 11 7 5 18
14 18 19 6 16 18 3 14 12 5 2 7 1 17 4 9 11 15 0 13
14 6 10 0 17 11 19 18
14 14 8 7 9 19 2 10 16 3 18 11 15 5 1 13
14 3 14 2 18
14 3 3 19 4
14 11 4 13 5 0 7 3 18 19 16 15 9
14 17 13 2 1 8 11 17 3 19 15 12 4 0 14 16 7 9 5
14 15 1 14 0 18 10 2 5 13 7 9 17 11 19 16 12
14 6 7 16 14 11 12 1
14 14 1 17 2 7 9 12 15 18 4 3 0 6 8 16
14 3 18 2 7
14 1 5
14 7 14 12 13 9 16 19 15
14 7 10 13 1 11 3 5 9
14 8 16 10 17 0 18 2 11 13
14 18 1 9 4 16 0 3 18 5 2 12 8 17 6 14 15 11 13 10
14 9 11 0 1 10 9 4 7 2 8
14 20 7 1 4 19 8 9 6 15 12 18 16 10 2 5 13 11 14 3 0 17
14 3 14 13 1
