19 77 96
14 15
16 1
14 17
14 3
0 2
4 3
3 18
10 17
15 17
13 4
10 12
18 9
6 4
9 10
9 12
1 3
4 10
8 0
8 16
3 15
5 9
14 16
14 7
8 1
13 11
18 5
14 2
18 11
3 17
10 1
15 9
7 6
5 8
0 12
2 18
11 8
5 1
18 17
12 16
1 0
2 13
5 17
1 11
3 6
10 5
7 11
8 10
13 15
6 17
9 8
10 15
11 2
7 9
10 11
9 6
6 16
0 16
7 17
18 12
16 15
12 11
9 17
4 5
18 6
6 14
12 1
3 12
10 0
14 9
7 2
10 2
13 1
11 9
5 2
18 13
11 4
6 10
6 9 0 4 3 11 6 15 1 8 9
8 7 5 9 2 17 12 14 1
10 6 16 1 17 0 7 15
11 8 11 16 9 8 14 6 10 4
4 15 13 5 7 8 17 16 15 10 12 6 1 4 3 11 18
12 19 13 8 6 3 7 0 4 18 2 9 15 17 14 11 12 1 10 16 5
15 6 10 3 11 5 9 16
9 8 17 9 5 13 7 6 14 15
2 4 1 11 3 2
6 14 2 4 13 11 7 6 18 1 9 0 10 17 15 3
0 11 1 4 3 15 8 7 0 14 13 2 12
8 19 16 3 14 9 11 18 2 7 12 13 17 8 4 1 5 0 15 6 10
7 3 1 8 10
0 15 9 2 8 17 18 11 13 14 7 5 3 0 16 1 4
15 8 11 13 12 18 1 14 6 2
16 6 16 7 3 11 15 8
2 1 12
13 7 6 2 11 4 12 5 15
5 13 14 7 13 17 5 15 3 12 11 16 6 8 4
14 9 13 2 3 6 5 7 9 8 1
18 1 1
2 18 8 1 3 17 0 5 12 7 13 11 10 9 18 16 2 14 15 4
5 1 11
9 5 3 0 4 17 2
18 15 6 7 9 8 11 0 1 3 16 10 14 17 12 15 13
17 11 4 7 1 16 18 13 10 11 9 8 5
13 19 10 13 12 15 6 14 7 0 1 11 5 16 4 18 8 3 17 9 2
4 2 12 14
1 18 9 6 15 4 14 18 11 5 2 7 13 1 8 17 3 0 16 12
12 13 11 13 9 0 7 8 6 18 16 17 4 14 12
5 5 10 0 13 7 8
9 8 13 3 16 11 6 9 0 2
11 7 11 4 9 3 7 8 17
9 5 13 6 14 4 2
2 11 4 1 18 3 6 5 17 11 12 8 10
9 19 16 9 12 18 4 7 13 14 15 0 10 3 11 2 1 6 8 5 17
0 3 16 17 3
10 13 3 14 6 10 7 15 11 4 18 16 1 8 5
6 12 10 15 1 2 3 4 14 12 7 17 13 6
6 12 18 7 3 0 10 9 12 8 15 1 14 11
16 11 0 7 13 1 3 2 8 10 14 16 9
11 3 15 0 11
16 7 9 17 18 4 6 13 16
3 12 11 18 9 8 16 4 13 6 15 12 3 2
5 1 15
16 7 8 0 15 16 7 17 5
5 5 0 6 17 8 5
3 15 7 6 4 17 3 10 11 9 18 2 15 8 12 5 0
5 13 11 4 10 3 0 14 6 2 1 18 12 5 16
2 10 6 5 13 15 18 11 4 10 16 0
14 2 8 3
15 16 15 2 13 3 11 6 9 0 5 7 4 12 18 8 1 10
11 1 17
9 5 12 3 15 13 17
2 13 6 3 4 1 11 0 13 9 5 10 17 12 15
1 12 17 18 10 0 9 14 16 1 2 13 7 6
15 9 3 12 6 2 13 16 5 18 7
3 4 6 13 4 17
17 11 1 2 5 4 16 0 8 15 17 13 7
14 5 13 11 9 6 7
9 11 11 5 10 1 7 0 16 15 9 2 4
1 11 15 11 8 17 3 5 7 0 10 2 4
16 2 15 1
10 18 7 6 12 13 3 0 15 14 10 9 16 5 11 1 2 8 18 17
14 8 2 11 6 7 9 12 18 13
7 7 3 17 7 5 4 13 14
7 15 8 13 10 9 3 16 12 14 17 4 11 5 6 18 2
18 6 5 3 14 0 12 9
5 11 10 16 2 0 5 1 4 6 17 8 15
7 18 13 18 17 2 12 9 7 10 6 3 11 4 0 8 16 1 15 5
16 17 4 11 10 0 17 5 3 15 13 1 18 9 14 8 7 16 12
9 5 5 7 2 1 8
0 8 1 9 13 2 15 7 6 16
3 12 13 4 1 12 17 15 16 8 14 3 2 10
0 6 18 11 16 7 2 0
15 4 7 13 14 1
1 19 17 15 13 0 10 1 5 18 2 12 16 4 8 14 3 11 9 7 6
12 1 3
5 15 11 0 18 17 5 3 16 7 9 15 12 14 1 2 4
1 6 16 9 3 8 6 12
0 5 10 6 17 2 5
6 12 4 17 8 12 9 15 11 14 0 5 2 1
17 13 1 6 16 9 15 3 13 18 10 14 2 4 11
2 11 15 18 5 11 7 1 12 17 13 9 8
6 11 18 2 5 14 10 15 11 4 12 13 8
16 18 5 14 1 2 11 8 3 6 15 10 17 9 4 7 18 13 12 0
16 10 2 3 0 12 16 17 5 8 10 7
1 18 18 15 8 5 6 3 17 0 16 13 2 4 12 9 10 14 7 1
8 16 0 17 8 6 11 7 15 13 18 2 3 9 5 14 12 4
1 10 2 14 7 11 1 10 12 8 17 4
8 4 11 12 3 7
4 14 17 14 12 1 15 6 4 13 16 7 10 9 2 11
14 18 10 11 2 13 16 9 5 3 8 4 12 0 7 1 17 18 15 14
10 1 16
4 12 9 7 1 18 3 17 8 6 15 0 16 5
0 17 12 15 5 14 0 16 2 8 6 10 13 9 1 18 11 3 17
