12 22 36
3 8
2 0
0 1
7 10
7 3
4 7
9 7
7 8
1 5
8 5
8 11
4 5
10 9
11 5
0 5
6 7
9 2
8 2
3 1
10 4
5 7
2 5
7 2 1 8
9 4 7 8 5 3
4 8 6 10 3 9 11 4 7 2
9 7 2 7 0 8 4 3 6
5 7 9 1 11 0 8 5 4
4 6 7 0 8 11 9 4
0 2 1 5
4 7 2 7 3 5 10 11 8
5 12 4 0 10 8 3 9 1 5 2 6 11 7
4 11 10 2 7 3 11 9 6 5 4 1 0
4 12 10 1 9 6 11 0 8 3 7 4 2 5
7 5 5 8 6 3 1
6 7 5 3 1 11 4 8 9
6 5 6 4 9 5 8
1 6 8 1 7 11 9 5
5 1 10
1 6 8 10 0 5 6 2
0 5 9 5 10 4 11
5 12 9 3 0 8 5 7 10 11 1 4 2 6
9 8 3 0 5 7 2 10 1 4
0 2 2 6
1 6 9 2 7 4 6 11
4 2 1 10
1 6 11 8 2 3 5 1
8 5 7 8 1 9 3
3 9 9 5 3 6 11 1 10 0 7
5 9 11 7 0 8 5 6 2 4 3
4 4 1 7 3 6
8 9 7 2 3 6 1 9 4 5 0
1 2 5 2
3 3 0 1 9
7 11 11 7 10 1 6 0 3 4 2 5 8
8 4 5 10 6 8
3 6 10 8 3 1 0 5
4 4 0 10 2 3
5 12 7 1 4 10 6 8 3 9 2 0 5 11
