20 190 100
7 6
0 1
2 15
18 13
13 16
2 3
10 19
1 11
10 3
12 13
14 2
15 7
6 8
5 15
0 6
7 12
17 18
18 2
14 13
0 13
2 6
8 5
17 4
18 5
11 14
12 19
1 7
15 13
18 11
11 3
15 16
4 12
12 11
1 16
6 5
3 6
1 6
4 14
4 7
17 7
7 18
13 10
14 17
8 9
16 14
4 16
2 4
5 16
10 6
4 5
17 12
19 13
13 1
1 14
4 6
15 10
17 9
1 19
9 11
15 14
15 8
8 16
11 15
0 10
0 9
17 13
18 10
3 19
11 8
11 5
13 5
19 11
19 0
3 8
1 2
13 2
9 14
14 8
9 7
7 0
4 3
2 0
6 12
19 4
16 3
18 12
10 5
13 8
1 9
14 19
17 5
6 15
18 1
7 14
18 16
19 16
16 11
17 10
2 5
4 13
2 11
9 6
9 19
18 15
12 2
15 4
19 8
2 9
3 9
5 14
13 3
5 7
19 2
13 7
17 15
9 5
13 11
0 8
8 1
7 8
17 3
4 8
19 17
18 6
4 11
19 7
12 1
15 19
3 14
9 10
12 5
11 17
12 0
3 18
6 16
17 0
0 5
1 17
7 10
10 14
1 3
12 15
8 2
10 4
13 6
4 18
9 15
12 9
0 16
0 14
3 0
18 14
6 17
0 4
7 3
14 6
16 17
12 8
14 12
11 10
18 9
19 5
10 8
2 7
17 8
15 1
12 3
2 17
6 19
11 0
4 9
13 9
12 10
5 3
6 11
0 15
16 7
11 7
0 18
2 16
10 1
2 10
10 16
5 1
12 16
19 18
15 3
8 18
16 9
4 1
14 18 16 12 13 2 15 7 10 8 11 3 14 17 19 5 9 4 18 1
4 13 1 2 11 8 12 18 15 7 17 16 0 9 14
18 4 5 6 1 3
15 6 9 4 15 11 2 1
11 1 17
8 18 18 2 6 14 15 5 9 17 3 13 12 16 8 7 1 4 0 19
5 4 7 1 6 19
1 10 12 17 8 1 11 13 19 9 2 3
6 20 9 13 8 4 0 2 6 17 3 15 18 11 7 14 19 5 10 16 1 12
5 13 1 19 7 5 11 13 17 8 3 9 0 12 2
15 4 6 7 8 11
3 14 7 13 19 0 12 8 1 14 17 3 9 15 5 11
6 4 9 2 15 1
19 9 10 0 8 14 2 6 13 1 15
19 9 10 3 6 5 15 14 8 0 9
0 18 10 16 12 11 7 6 4 15 14 8 1 9 3 19 17 2 18 13
13 9 5 11 16 14 15 12 1 8 7
8 10 15 17 1 7 9 0 4 5 2 12
7 4 9 2 17 15
8 17 14 19 0 6 3 4 12 15 10 8 18 2 7 11 17 5 1
16 17 11 6 17 16 3 14 2 8 9 12 5 1 19 18 10 4 13
8 2 16 9
12 16 16 11 4 9 15 3 1 5 7 6 0 10 18 19 2 14
2 10 12 6 4 15 17 8 3 10 9 14
13 6 18 11 19 9 1 6
11 3 5 16 1
9 8 16 7 8 0 1 14 15 17
7 7 18 15 3 0 2 8 14
0 20 19 9 11 18 2 17 12 15 0 14 5 1 6 10 8 16 7 13 4 3
9 20 6 10 5 12 7 15 17 2 16 14 8 11 3 4 19 1 18 9 0 13
8 15 16 11 10 7 9 5 8 0 2 12 14 15 18 13 3
19 8 0 3 5 13 17 1 9 4
15 3 6 0 5
9 16 17 10 6 18 8 1 3 7 16 9 0 15 13 5 14 19
3 17 9 18 7 2 16 4 5 17 3 12 8 19 10 1 13 15 11
18 1 12
1 2 16 13
5 16 8 10 5 18 6 16 15 11 12 1 3 17 0 7 13 19
6 14 8 3 18 15 5 13 14 12 10 2 7 0 9 19
6 13 16 5 3 2 7 1 12 9 10 11 4 13 0
10 12 13 18 5 12 3 15 4 1 6 9 11 10
4 2 19 1
0 5 16 3 1 18 9
10 18 15 5 8 2 17 13 3 4 11 9 18 7 1 19 0 6 14 12
2 18 14 4 16 3 0 9 6 17 11 15 18 1 19 12 10 8 5 7
14 9 5 7 10 9 18 6 16 8 11
4 2 0 5
1 3 4 11 12
7 3 14 16 4
4 16 6 5 10 12 1 7 9 19 3 13 2 17 0 15 18 14
0 10 6 3 4 1 10 12 8 14 19 5
4 3 16 10 17
16 11 3 2 1 5 11 6 10 12 19 16 15
0 8 14 16 13 19 18 8 1 15
14 1 19
17 14 2 9 4 12 15 5 10 19 11 7 18 13 14 6
8 20 10 5 12 15 6 16 13 4 0 18 3 19 9 7 8 14 1 2 11 17
9 4 19 11 18 5
5 16 0 19 5 10 18 4 6 8 15 2 3 16 13 14 7 11
1 6 19 3 10 1 18 7
7 17 12 8 17 1 4 15 14 7 18 3 5 6 16 0 10 19 11
11 13 10 7 15 18 2 6 4 12 8 5 13 3 11
0 12 19 7 13 10 4 3 18 1 6 11 2 16
7 9 0 15 18 7 19 17 11 8 4
1 6 9 6 1 12 10 11
1 5 2 14 8 3 10
17 7 6 18 0 8 11 1 17
12 3 1 3 8
16 9 1 2 7 16 13 12 17 10 8
17 13 8 12 3 13 10 2 15 7 5 17 6 19 16
13 8 13 2 7 17 0 6 16 15
6 13 17 11 0 15 16 7 10 3 18 12 8 4 2
14 8 1 12 6 18 5 10 11 3
15 7 7 17 11 6 19 9 8
18 16 10 2 5 16 17 9 15 0 19 1 12 14 7 3 4 13
16 15 4 17 3 15 12 6 0 7 1 9 13 14 19 5 8
6 14 7 18 10 3 4 6 15 2 1 8 17 11 13 19
13 5 16 19 6 17 8
1 4 14 17 11 8
16 12 9 6 11 19 2 1 5 4 0 17 7 15
2 5 12 6 4 15 14
5 15 1 16 17 19 9 12 13 6 4 0 14 10 3 15 18
0 7 5 6 13 2 8 11 12
13 18 4 1 17 15 11 16 0 12 14 6 10 13 19 9 18 8 7 5
13 9 6 16 17 0 18 11 14 19 10
13 15 11 0 13 19 6 15 1 5 10 16 3 17 9 18 8
11 5 14 16 19 9 15
0 15 16 1 2 3 0 5 9 19 12 6 4 18 15 8 11
9 15 7 17 3 12 15 11 4 8 6 2 14 13 0 9 16
12 6 4 2 17 3 11 16
7 17 2 18 12 11 7 1 6 0 3 4 8 17 19 10 15 13 14
0 5 3 8 0 5 18
6 1 12
17 19 18 15 10 12 5 16 6 19 8 11 0 9 3 14 4 13 7 1 2
11 11 3 7 13 15 2 0 11 12 1 16 5
6 8 12 6 11 13 19 9 1 7
6 6 3 8 7 17 15 16
16 5 1 17 4 10 5
1 4 15 5 19 2
12 3 12 0 2
