20 95 100
5 3
14 9
12 9
19 18
2 17
0 5
19 5
3 14
9 17
14 7
7 19
0 6
14 11
8 0
4 2
1 6
1 19
10 5
16 2
10 0
5 7
10 14
2 8
3 8
16 9
1 8
10 1
19 10
16 1
1 9
11 13
1 3
16 17
6 13
5 8
4 5
11 8
16 14
8 12
7 6
16 0
2 9
6 8
3 6
15 19
13 1
15 1
9 5
18 9
10 11
8 13
10 4
1 12
13 14
4 18
2 6
10 13
3 19
16 3
11 4
19 16
11 18
15 2
10 2
16 12
5 18
5 1
16 13
10 7
10 16
6 12
4 13
4 14
6 14
3 13
15 10
17 19
0 12
12 7
14 15
7 18
2 7
13 2
0 9
18 16
17 6
7 4
18 17
6 10
10 3
19 0
18 12
11 5
9 6
1 18
2 2 14 3
11 20 15 14 3 6 1 10 17 18 7 9 19 16 12 0 4 8 5 13 2 11
17 4 5 13 4 8
11 7 12 8 11 14 0 19 5
10 5 14 6 19 13 3
13 11 16 15 1 13 4 7 0 17 14 2 12
11 8 7 11 0 18 10 13 17 5
6 13 2 17 5 7 19 0 11 18 6 4 3 16 15
7 7 13 5 17 14 12 19 7
8 16 19 7 0 8 14 13 15 12 2 10 18 1 11 6 5 16
15 17 9 3 0 2 14 4 1 18 16 17 11 6 8 19 7 13 15
13 14 18 12 14 19 16 1 17 9 13 8 10 7 5 2
7 2 9 14
11 5 12 14 6 5 13
12 16 18 12 2 3 16 6 4 8 5 15 10 7 0 14 17 19
13 17 9 1 12 18 13 17 0 4 6 14 10 19 7 2 8 16 5
12 13 16 8 6 18 5 19 15 10 11 13 3 17 1
6 19 11 3 14 12 7 0 18 1 5 4 8 6 2 15 16 10 9 17 13
0 7 12 11 6 0 18 3 1
1 15 12 8 4 16 11 3 15 10 18 5 17 0 2 1 19
12 18 7 18 1 15 11 6 0 12 3 19 8 10 16 13 17 5 4 9
17 5 15 7 8 12 6
14 16 5 12 10 15 17 4 19 0 14 1 2 13 7 9 16 18
6 2 5 13
16 12 12 6 7 15 0 5 4 14 19 8 2 18
13 6 0 16 17 10 8 5
4 20 7 5 18 11 0 9 2 4 17 10 15 8 12 3 1 19 14 16 13 6
4 20 11 3 2 13 19 6 5 9 16 14 18 12 0 10 15 8 1 4 7 17
9 10 16 8 19 3 4 7 15 6 2 9
7 14 19 7 11 10 2 9 13 18 8 16 3 15 4 14
1 8 14 16 11 9 13 12 2 4
17 4 18 17 5 4
17 5 9 4 10 16 12
19 11 2 11 5 15 19 6 13 0 12 7 8
19 18 1 7 4 12 19 11 9 6 0 5 18 2 3 10 17 15 8 16
12 9 2 19 4 14 12 1 18 5 17
18 16 4 1 11 18 14 7 3 13 12 19 15 6 10 9 8 0
5 5 7 6 5 16 2
12 10 8 5 13 11 2 4 18 19 0 15
6 12 5 13 18 16 6 9 2 4 1 14 3 10
17 10 3 9 19 15 0 14 4 13 2 17
15 16 12 6 8 15 14 19 11 10 18 2 16 5 3 0 1 13
11 11 14 16 17 0 9 3 19 15 8 7 2
13 10 0 11 9 1 3 12 19 18 6 13
4 12 11 8 9 13 5 17 2 1 12 16 15 19
9 12 11 16 2 15 12 17 19 7 5 0 18 13
9 4 10 9 17 5
17 5 5 10 19 7 15
18 10 6 18 8 2 1 19 4 12 5 7
10 4 15 14 3 8
6 11 2 5 10 9 19 15 17 13 12 6 1
19 20 13 14 18 4 17 7 11 3 1 12 10 6 9 2 8 5 15 19 16 0
16 20 15 0 12 3 11 4 5 14 9 16 13 1 8 10 19 18 17 6 2 7
9 20 0 12 18 15 7 4 8 14 1 16 2 3 10 19 6 13 11 9 5 17
3 6 3 1 4 9 12 19
10 6 0 14 1 13 11 4
17 19 8 16 3 7 18 4 9 13 17 19 0 1 11 2 6 12 5 15 10
0 9 0 9 14 13 7 8 17 18 6
19 16 10 15 18 1 14 9 13 17 12 4 2 19 7 5 3 0
12 7 10 13 14 7 0 8 15
16 1 4
8 6 4 12 5 7 10 11
11 8 17 16 2 13 3 19 0 7
16 16 10 18 5 17 3 15 4 16 14 19 2 11 1 6 9 13
7 9 14 19 6 7 17 3 5 10 1
3 19 14 2 13 18 7 9 10 4 16 17 15 3 11 0 19 6 8 1 5
7 19 16 8 15 5 17 1 9 19 12 10 2 11 13 0 14 7 6 3 18
15 2 16 19
13 8 8 2 3 15 16 11 14 18
17 3 3 9 5
12 19 5 6 14 19 17 0 12 11 15 4 16 10 1 13 9 18 3 8 2
19 18 10 2 19 17 4 7 12 1 14 15 6 9 3 5 8 0 16 11
18 5 1 19 7 15 18
4 4 13 6 17 11
10 12 17 14 2 7 10 8 13 0 15 4 12 1
3 3 0 15 2
6 12 9 6 11 13 19 18 3 8 14 1 2 17
18 7 17 4 14 8 16 9 19
6 11 1 6 11 16 2 3 18 19 13 14 8
6 9 19 1 15 8 6 14 13 2 10
4 1 14
7 13 3 16 9 13 5 19 18 6 4 1 10 15 11
16 16 3 17 10 14 4 16 13 19 18 11 8 15 1 6 0 7
11 7 18 11 17 1 6 2 19
15 17 19 4 14 10 6 2 11 0 13 3 8 1 5 15 12 17 18
15 1 2
6 3 12 8 11
5 3 14 8 1
19 19 6 5 17 19 14 1 16 7 10 12 11 13 15 0 18 3 2 9 4
13 17 19 8 11 14 4 10 3 13 6 15 18 9 0 7 16 1 5
11 14 2 14 12 9 13 5 7 17 4 6 18 15 8 11
2 16 7 12 16 19 6 11 4 10 18 15 5 8 14 13 17 3
0 12 0 17 1 15 12 10 11 3 9 16 13 2
8 1 9
19 6 15 3 13 9 5 6
6 17 16 19 6 10 11 12 3 18 1 7 17 2 13 15 8 9 5
7 17 17 14 19 5 1 8 12 9 6 18 16 3 13 15 0 2 10
8 6 14 10 7 15 1 19
16 18 5 10 1 16 7 0 15 8 3 19 12 9 17 13 11 6 14 18
0 13 16 7 9 17 6 12 8 13 10 11 18 15 19
